1	6	0
2	6	0
3	6	0
4	6	0
5	6	6
6	6	0
7	6	0
8	6	0
9	6	0
10	6	0
11	0	0
12	6	0
13	6	0
14	6	0
15	6	0
16	0	0
17	6	0
18	6	0
19	0	0
20	1	1
21	6	0
22	0	0
23	0	0
24	6	6
25	6	0
26	6	0
27	1	1
28	6	0
29	1	1
30	1	1
31	2	2
32	2	2
33	2	2
34	2	2
35	2	2
36	2	2
37	2	2
38	2	2
39	2	2
40	6	2
41	6	6
42	2	2
43	2	2
44	3	3
45	3	3
46	4	4
47	4	4
48	4	4
49	4	4
50	4	4
51	4	4
52	4	4
53	4	4
54	4	4
55	4	4
56	4	4
57	4	4
58	4	4
59	4	4
60	4	4
61	4	4
62	4	4
63	4	4
64	6	4
65	4	4
66	4	4
67	6	4
68	4	4
69	4	4
70	4	4
71	4	4
72	4	4
73	4	4
74	4	4
75	4	4
76	4	4
77	4	4
78	4	4
79	4	4
80	4	4
81	4	4
82	4	4
83	4	4
84	4	4
85	4	4
86	4	4
87	4	4
88	4	4
89	4	4
90	4	4
91	6	4
92	4	4
93	4	4
94	4	4
95	4	4
96	4	4
97	4	4
98	4	4
99	4	4
100	4	4
101	6	4
102	6	4
103	6	4
104	6	4
105	4	4
106	6	4
107	6	4
108	4	4
109	6	4
110	6	4
111	4	4
112	6	4
113	4	4
114	6	4
115	6	4
116	6	4
117	6	4
118	6	4
119	6	4
120	6	4
121	6	4
122	6	4
123	4	4
124	6	4
125	6	4
126	6	4
127	6	4
128	6	4
129	6	4
130	6	4
131	6	4
132	6	4
133	6	4
134	6	4
135	4	4
136	6	4
137	6	4
138	4	4
139	4	4
140	4	4
141	4	4
142	6	4
143	6	4
144	6	4
145	6	6
146	6	3
147	2	2
148	2	2
149	6	3
150	3	3
151	3	3
152	3	3
153	6	3
154	6	2
155	6	6
156	2	2
157	6	2
158	3	3
159	6	4
160	6	3
161	6	4
162	6	4
163	4	4
164	4	4
165	4	4
166	2	2
167	2	2
168	2	2
169	2	2
170	2	2
171	2	2
172	6	5
173	6	5
174	5	5
175	6	5
176	5	5
177	5	5
178	6	5
179	6	5
180	6	5
181	6	5
182	5	5
183	6	5
184	6	5
185	5	5
186	6	5
187	5	5
188	5	5
189	6	5
190	6	5
191	5	5
192	6	5
193	5	5
194	5	5
195	2	2
196	2	2
197	2	2
198	2	2
199	2	2
200	2	2
201	6	2
202	6	2
203	6	2
204	6	2
205	6	2
206	6	6
207	6	2
208	6	2
209	6	2
210	6	2
211	6	2
212	6	2
213	2	2
214	6	2
215	6	2
216	6	2
217	6	2
218	6	3
219	6	2
220	6	3
221	6	3
222	6	3
223	6	3
224	6	3
225	6	4
226	6	3
227	6	3
228	6	3
229	6	3
230	6	4
231	6	4
232	6	6
233	6	3
234	6	2
235	6	6
236	6	2
237	6	2
238	2	2
239	6	2
240	6	3
241	6	3
242	6	2
243	6	3
244	3	3
245	6	3
246	4	4
247	6	4
248	6	3
249	6	3
250	6	3
251	6	3
252	4	4
253	6	6
254	2	2
255	2	2
256	2	2
257	2	2
258	2	2
259	6	6
260	6	2
261	2	2
262	2	2
263	2	2
264	2	2
265	6	3
266	6	6
267	2	2
268	6	2
269	2	2
270	2	2
271	6	2
272	6	2
273	6	0
274	6	0
275	6	0
276	6	0
277	6	1
278	6	2
279	2	2
280	2	2
281	2	2
282	6	2
283	2	2
284	2	2
285	6	6
286	6	0
287	6	1
288	6	1
289	6	2
290	6	2
291	2	2
292	3	3
293	2	2
294	3	3
295	3	3
296	3	3
297	2	2
298	6	3
299	6	6
300	6	2
301	6	2
302	6	2
303	2	2
304	2	2
305	6	6
306	6	0
307	6	0
308	6	0
309	2	2
310	2	2
311	6	0
312	6	0
313	6	1
314	2	2
315	2	2
316	6	2
317	2	2
318	2	2
319	2	2
320	2	2
321	6	2
322	6	2
323	2	2
324	6	0
325	6	0
326	6	1
327	6	0
328	6	1
329	2	2
330	2	2
331	2	2
332	2	2
333	2	2
334	2	2
335	2	2
336	2	2
337	6	2
338	6	2
339	6	3
340	2	2
341	2	2
342	3	3
343	6	3
344	3	3
345	6	3
346	6	4
347	3	3
348	4	4
349	4	4
350	4	4
351	4	4
352	4	4
353	4	4
354	4	4
355	4	4
356	4	4
357	4	4
358	6	4
359	4	4
360	4	4
361	4	4
362	4	4
363	4	4
364	4	4
365	4	4
366	4	4
367	4	4
368	4	4
369	4	4
370	4	4
371	4	4
372	4	4
373	4	4
374	4	4
375	4	4
376	4	4
377	4	4
378	4	4
379	4	4
380	6	4
381	4	4
382	4	4
383	4	4
384	4	4
385	4	4
386	4	4
387	4	4
388	4	4
389	6	4
390	4	4
391	4	4
392	4	4
393	4	4
394	4	4
395	4	4
396	6	4
397	6	4
398	6	2
399	6	5
400	5	5
401	6	5
402	6	5
403	6	5
404	6	5
405	5	5
406	5	5
407	6	5
408	6	5
409	6	5
410	6	5
411	6	5
412	6	5
413	6	5
414	6	5
415	5	5
416	6	5
417	5	5
418	6	5
419	6	5
420	6	5
421	6	5
422	6	5
423	6	5
424	6	5
425	6	5
426	6	5
427	5	5
428	5	5
429	6	5
430	6	5
431	6	5
432	6	5
433	6	5
434	6	5
435	5	5
436	6	5
437	6	5
438	6	6
439	1	1
440	2	2
441	2	2
442	2	2
443	2	2
444	6	2
445	6	2
446	2	2
447	2	2
448	6	2
449	2	2
450	2	2
451	2	2
452	2	2
453	2	2
454	6	2
455	2	2
456	2	2
457	6	2
458	2	2
459	2	2
460	6	2
461	2	2
462	2	2
463	6	2
464	6	2
465	2	2
466	2	2
467	2	2
468	2	2
469	2	2
470	2	2
471	2	2
472	2	2
473	2	2
474	2	2
475	2	2
476	2	2
477	2	2
478	3	3
479	6	2
480	6	2
481	2	2
482	2	2
483	6	2
484	2	2
485	2	2
486	2	2
487	2	2
488	6	2
489	2	2
490	2	2
491	3	3
492	2	2
493	2	2
494	2	2
495	2	2
496	6	2
497	2	2
498	2	2
499	6	2
500	3	3
501	2	2
502	3	3
503	2	2
504	6	2
505	6	6
506	2	2
507	6	2
508	2	2
509	2	2
510	2	2
511	2	2
512	3	3
513	2	2
514	6	2
515	2	2
516	2	2
517	2	2
518	2	2
519	2	2
520	2	2
521	3	3
522	3	3
523	3	3
524	3	3
525	2	2
526	2	2
527	4	4
528	4	4
529	4	4
530	4	4
531	4	4
532	3	3
533	3	3
534	3	3
535	4	4
536	3	3
537	4	4
538	4	4
539	4	4
540	4	4
541	3	3
542	4	4
543	4	4
544	4	4
545	4	4
546	4	4
547	4	4
548	4	4
549	4	4
550	4	4
551	4	4
552	4	4
553	4	4
554	4	4
555	4	4
556	4	4
557	6	6
558	6	2
559	6	2
560	2	2
561	2	2
562	2	2
563	2	2
564	2	2
565	2	2
566	2	2
567	2	2
568	2	2
569	6	5
570	6	5
571	6	5
572	6	5
573	6	5
574	5	5
575	6	5
576	6	5
577	6	5
578	6	5
579	6	5
580	6	5
581	6	5
582	6	5
583	6	5
584	6	5
585	6	5
586	6	5
587	6	5
588	6	5
589	6	5
590	6	5
591	6	5
592	6	6
593	0	0
594	0	0
595	0	0
596	1	1
597	1	1
598	1	1
599	1	1
600	1	1
601	1	1
602	1	1
603	1	1
604	2	2
605	2	2
606	2	2
607	6	2
608	2	2
609	2	2
610	2	2
611	2	2
612	2	2
613	2	2
614	2	2
615	2	2
616	2	2
617	6	6
618	6	0
619	2	2
620	2	2
621	2	2
622	2	2
623	2	2
624	2	2
625	0	0
626	6	0
627	1	1
628	6	2
629	2	2
630	2	2
631	2	2
632	2	2
633	2	2
634	2	2
635	2	2
636	2	2
637	2	2
638	2	2
639	2	2
640	2	2
641	2	2
642	6	2
643	2	2
644	2	2
645	6	0
646	6	6
647	6	1
648	2	2
649	2	2
650	6	2
651	6	6
652	6	6
653	2	2
654	2	2
655	2	2
656	2	2
657	2	2
658	2	2
659	2	2
660	6	2
661	2	2
662	6	2
663	2	2
664	2	2
665	2	2
666	2	2
667	2	2
668	2	2
669	6	2
670	2	2
671	2	2
672	6	2
673	2	2
674	2	2
675	6	2
676	2	2
677	2	2
678	2	2
679	2	2
680	6	6
681	6	6
682	2	2
683	2	2
684	2	2
685	2	2
686	2	2
687	2	2
688	2	2
689	2	2
690	2	2
691	2	2
692	2	2
693	2	2
694	2	2
695	2	2
696	2	2
697	2	2
698	2	2
699	2	2
700	2	2
701	2	2
702	2	2
703	3	3
704	6	2
705	2	2
706	2	2
707	2	2
708	2	2
709	2	2
710	2	2
711	5	5
712	6	5
713	6	5
714	6	5
715	6	5
716	5	5
717	5	5
718	6	5
719	5	5
720	6	5
721	6	5
722	6	5
723	5	5
724	6	5
725	6	5
726	5	5
727	6	5
728	6	5
729	6	5
730	6	5
731	6	5
732	5	5
733	6	5
734	6	5
735	6	5
736	5	5
737	6	5
738	6	5
739	5	5
740	6	5
741	6	5
742	5	5
743	6	5
744	6	5
745	6	5
746	5	5
747	5	5
748	5	5
749	5	5
750	6	5
751	6	5
752	6	6
753	6	1
754	1	1
755	1	1
756	6	1
757	6	0
758	6	0
759	6	0
760	6	1
761	6	1
762	2	2
763	2	2
764	6	2
765	2	2
766	2	2
767	2	2
768	2	2
769	2	2
770	2	2
771	2	2
772	2	2
773	2	2
774	2	2
775	2	2
776	2	2
777	2	2
778	2	2
779	2	2
780	2	2
781	2	2
782	2	2
783	6	2
784	2	2
785	2	2
786	2	2
787	2	2
788	2	2
789	2	2
790	2	2
791	2	2
792	2	2
793	2	2
794	2	2
795	2	2
796	2	2
797	3	3
798	6	6
799	6	2
800	2	2
801	2	2
802	2	2
803	2	2
804	2	2
805	2	2
806	2	2
807	2	2
808	2	2
809	2	2
810	2	2
811	2	2
812	2	2
813	2	2
814	6	2
815	6	6
816	6	0
817	0	0
818	0	0
819	1	1
820	1	1
821	6	0
822	6	0
823	1	1
824	1	1
825	6	0
826	2	2
827	2	2
828	2	2
829	2	2
830	2	2
831	2	2
832	2	2
833	2	2
834	2	2
835	2	2
836	2	2
837	2	2
838	2	2
839	2	2
840	2	2
841	2	2
842	2	2
843	2	2
844	2	2
845	2	2
846	2	2
847	2	2
848	3	3
849	2	2
850	2	2
851	2	2
852	3	3
853	2	2
854	3	3
855	3	3
856	3	3
857	3	3
858	3	3
859	3	3
860	3	3
861	3	3
862	3	3
863	4	4
864	3	3
865	4	4
866	4	4
867	4	4
868	4	4
869	3	3
870	3	3
871	3	3
872	3	3
873	3	3
874	6	3
875	6	2
876	6	2
877	2	2
878	2	2
879	3	3
880	2	2
881	2	2
882	2	2
883	6	2
884	6	6
885	1	1
886	1	1
887	6	2
888	2	2
889	6	1
890	6	0
891	6	0
892	6	0
893	6	0
894	6	0
895	6	0
896	6	0
897	0	0
898	6	6
899	6	6
900	6	6
901	6	6
902	6	6
903	6	6
904	6	6
905	6	6
906	6	6
