1	6	6
2	6	0
3	6	0
4	6	0
5	6	0
6	0	0
7	6	0
8	6	6
9	6	6
10	6	0
11	6	0
12	6	0
13	6	0
14	6	0
15	0	0
16	0	0
17	6	0
18	0	0
19	0	0
20	6	0
21	6	0
22	0	0
23	0	0
24	1	1
25	1	1
26	1	1
27	1	1
28	2	2
29	2	2
30	2	2
31	2	2
32	1	1
33	2	2
34	2	2
35	6	6
36	6	6
37	6	6
38	6	6
39	6	6
40	6	6
41	6	6
42	6	6
43	0	0
44	0	0
45	0	0
46	1	1
47	2	2
48	6	6
49	7	7
50	2	2
51	6	6
52	2	2
53	6	6
54	2	2
55	2	2
56	6	6
57	2	2
58	2	2
59	2	2
60	2	2
61	2	2
62	2	2
63	2	2
64	2	2
65	2	2
66	2	2
67	3	3
68	3	3
69	3	3
70	4	4
71	4	4
72	3	3
73	4	4
74	3	3
75	4	4
76	4	4
77	4	4
78	4	4
79	4	4
80	4	4
81	6	6
82	6	6
83	2	2
84	2	2
85	2	2
86	3	3
87	2	2
88	2	2
89	4	4
90	3	3
91	3	3
92	2	2
93	4	4
94	3	3
95	4	4
96	4	4
97	4	4
98	4	4
99	3	3
100	4	4
101	4	4
102	4	4
103	4	4
104	4	4
105	6	6
106	6	6
107	6	6
108	6	6
109	6	6
110	6	6
111	6	6
112	0	0
113	0	0
114	6	6
115	6	6
116	1	1
117	6	6
118	0	0
119	1	1
120	2	2
121	2	2
122	2	2
123	2	2
124	6	6
125	6	6
126	6	6
127	6	6
128	6	6
129	6	6
130	6	6
131	6	6
132	6	6
133	6	6
134	0	0
135	6	6
136	6	6
137	6	6
138	6	6
139	6	6
140	6	6
141	6	6
142	0	0
143	0	0
144	6	6
145	6	6
146	6	6
147	6	6
148	6	6
149	6	6
150	1	1
151	2	2
152	2	2
153	6	6
154	1	1
155	2	2
156	2	2
157	6	6
158	2	2
159	2	2
160	2	2
161	2	2
162	2	2
163	2	2
164	2	2
165	2	2
166	2	2
167	2	2
168	2	2
169	2	2
170	2	2
171	2	2
172	6	6
173	2	2
174	6	6
175	2	2
176	2	2
177	2	2
178	2	2
179	2	2
180	2	2
181	2	2
182	2	2
183	2	2
184	2	2
185	2	2
186	2	2
187	2	2
188	2	2
189	2	2
190	2	2
191	2	2
192	2	2
193	3	3
194	3	3
195	3	3
196	2	2
197	2	2
198	2	2
199	3	3
200	4	4
201	4	4
202	4	4
203	3	3
204	4	4
205	3	3
206	3	3
207	3	3
208	3	3
209	4	4
210	4	4
211	3	3
212	4	4
213	4	4
214	3	3
215	3	3
216	4	4
217	3	3
218	3	3
219	4	4
220	4	4
221	4	4
222	4	4
223	4	4
224	4	4
225	3	3
226	4	4
227	4	4
228	4	4
229	4	4
230	4	4
231	4	4
232	6	6
233	3	3
234	2	2
235	2	2
236	2	2
237	2	2
238	4	4
239	4	4
240	4	4
241	4	4
242	2	2
243	4	4
244	3	3
245	2	2
246	6	6
247	6	6
248	2	2
249	2	2
250	2	2
251	2	2
252	2	2
253	2	2
254	2	2
255	2	2
256	2	2
257	1	1
258	1	1
259	1	1
260	6	6
261	2	2
262	6	6
263	0	0
264	0	0
265	0	0
266	6	6
267	6	6
268	6	6
269	6	6
270	1	1
271	1	1
272	0	0
273	0	0
274	0	0
275	0	0
276	0	0
277	6	6
278	1	1
279	6	6
280	2	2
281	6	6
282	6	6
283	6	6
284	6	6
285	6	6
286	6	6
287	6	6
288	1	1
289	2	2
290	2	2
291	2	2
292	2	2
293	2	2
294	2	2
295	2	2
296	2	2
297	2	2
298	2	2
299	2	2
300	2	2
301	2	2
302	2	2
303	2	2
304	2	2
305	2	2
306	2	2
307	2	2
308	2	2
309	2	2
310	2	2
311	2	2
312	2	2
313	2	2
314	2	2
315	2	2
316	2	2
317	2	2
318	6	6
319	6	6
320	6	6
321	2	2
322	2	2
323	6	6
324	2	2
325	2	2
326	2	2
327	2	2
328	2	2
329	2	2
330	2	2
331	2	2
332	2	2
333	2	2
334	2	2
335	2	2
336	2	2
337	2	2
338	2	2
339	2	2
340	2	2
341	2	2
342	2	2
343	2	2
344	2	2
345	2	2
346	2	2
347	2	2
348	2	2
349	2	2
350	3	3
351	2	2
352	3	3
353	2	2
354	3	3
355	6	6
356	6	6
357	6	6
358	6	6
359	6	6
360	2	2
361	2	2
362	2	2
363	6	6
364	2	2
365	2	2
366	2	2
367	2	2
368	2	2
369	2	2
370	6	6
371	6	6
372	6	6
373	6	6
374	6	6
375	6	6
376	6	6
377	6	6
378	6	6
379	6	6
380	2	2
381	2	2
382	2	2
383	2	2
384	2	2
385	2	2
386	2	2
387	2	2
388	6	6
389	2	2
390	6	6
391	6	6
392	5	5
393	6	6
394	6	6
395	6	6
396	6	6
397	6	6
398	6	6
399	6	6
400	6	6
401	6	6
402	6	6
403	6	6
404	6	6
405	6	6
406	6	6
407	6	6
408	6	6
409	6	6
410	6	6
411	5	5
412	6	6
413	5	5
414	6	6
415	5	5
416	5	5
417	6	6
418	6	6
419	6	6
420	6	6
421	6	6
422	6	6
423	6	6
424	6	6
425	6	6
426	5	5
427	6	6
428	6	6
429	6	6
430	6	6
431	6	6
432	6	6
433	6	6
434	6	6
435	6	6
436	6	6
437	6	6
438	6	6
439	6	6
440	5	5
441	6	6
442	5	5
443	6	6
444	6	6
445	6	6
446	6	6
447	6	6
448	6	6
449	6	6
450	6	6
451	6	6
452	5	5
453	5	5
454	5	5
455	5	5
456	6	6
457	6	6
458	5	5
459	5	5
460	6	6
461	6	6
462	5	5
463	6	6
464	6	6
465	6	6
466	6	6
467	5	5
468	5	5
469	5	5
470	5	5
471	6	6
472	5	5
473	5	5
474	6	6
475	5	5
476	2	2
477	5	5
478	2	2
479	2	2
480	2	2
481	2	2
482	2	2
483	2	2
484	2	2
485	2	2
486	2	2
487	2	2
488	6	6
489	6	6
490	6	6
491	6	6
492	2	2
493	2	2
494	2	2
495	2	2
496	2	2
497	2	2
498	2	2
499	2	2
500	2	2
501	2	2
502	2	2
503	2	2
504	6	6
505	6	6
506	2	2
507	6	6
508	6	6
509	6	6
510	6	6
511	6	6
512	6	6
513	6	6
514	2	2
515	2	2
516	2	2
517	2	2
518	2	2
519	6	6
520	6	6
521	6	6
522	2	2
523	6	6
524	2	2
525	6	6
526	2	2
527	2	2
528	2	2
529	2	2
530	2	2
531	2	2
532	2	2
533	2	2
534	2	2
535	2	2
536	2	2
537	2	2
538	2	2
539	2	2
540	2	2
541	3	3
542	2	2
543	2	2
544	2	2
545	2	2
546	3	3
547	2	2
548	2	2
549	2	2
550	2	2
551	2	2
552	2	2
553	3	3
554	3	3
555	2	2
556	3	3
557	3	3
558	3	3
559	4	4
560	3	3
561	3	3
562	3	3
563	6	6
564	6	6
565	2	2
566	2	2
567	2	2
568	2	2
569	2	2
570	3	3
571	2	2
572	3	3
573	6	6
574	2	2
575	6	6
576	0	0
577	6	6
578	6	6
579	6	6
580	6	6
581	1	1
582	1	1
583	6	6
584	1	1
585	2	2
586	2	2
587	6	6
588	6	6
589	1	1
590	2	2
591	5	5
592	5	5
593	5	5
594	5	5
595	5	5
596	6	6
597	6	6
598	5	5
599	6	6
600	2	2
601	2	2
602	6	6
603	6	6
604	2	2
605	2	2
606	5	5
607	6	6
608	5	5
609	6	6
610	6	6
611	6	6
612	6	6
613	6	6
614	6	6
615	6	6
616	6	6
617	1	1
618	1	1
619	1	1
620	2	2
621	2	2
622	2	2
623	2	2
624	2	2
625	2	2
626	2	2
627	2	2
628	2	2
629	2	2
630	2	2
631	2	2
632	2	2
633	2	2
634	6	6
635	6	6
636	6	6
637	6	6
638	6	6
639	6	6
640	2	2
641	2	2
642	2	2
643	2	2
644	2	2
645	2	2
646	2	2
647	2	2
648	2	2
649	2	2
650	2	2
651	2	2
652	2	2
653	6	6
654	6	6
655	6	6
656	0	0
657	2	2
658	6	6
659	2	2
660	2	2
661	6	6
662	2	2
663	2	2
664	2	2
665	2	2
666	2	2
667	2	2
668	2	2
669	2	2
670	2	2
671	2	2
672	2	2
673	2	2
674	2	2
675	2	2
676	2	2
677	2	2
678	6	6
679	2	2
680	2	2
681	2	2
682	2	2
683	2	2
684	2	2
685	2	2
686	2	2
687	2	2
688	2	2
689	2	2
690	2	2
691	2	2
692	2	2
693	2	2
694	6	6
695	2	2
696	2	2
697	2	2
698	2	2
699	2	2
700	2	2
701	2	2
702	2	2
703	2	2
704	2	2
705	2	2
706	3	3
707	2	2
708	2	2
709	2	2
710	2	2
711	2	2
712	2	2
713	2	2
714	3	3
715	2	2
716	3	3
717	3	3
718	3	3
719	3	3
720	3	3
721	6	6
722	6	6
723	6	6
724	6	6
725	2	2
726	2	2
727	2	2
728	2	2
729	2	2
730	6	6
731	0	0
732	6	6
733	1	1
734	6	6
735	5	5
736	5	5
737	6	6
738	6	6
739	6	6
740	5	5
741	6	6
742	5	5
743	6	6
744	6	6
745	6	6
746	6	6
747	6	6
748	5	5
749	6	6
750	6	6
751	5	5
752	5	5
753	6	6
754	6	6
755	6	6
756	6	6
757	5	5
758	5	5
759	6	6
760	5	5
761	5	5
762	5	5
763	5	5
764	5	5
765	0	0
766	6	6
767	1	1
768	6	6
769	6	6
770	6	6
771	6	6
772	6	6
773	1	1
774	6	6
775	0	0
776	1	1
777	1	1
778	1	1
779	1	1
780	1	1
781	2	2
782	2	2
783	2	2
784	2	2
785	2	2
786	2	2
787	2	2
788	2	2
789	2	2
790	2	2
791	2	2
792	2	2
793	2	2
794	2	2
795	2	2
796	2	2
797	2	2
798	2	2
