1	6	6
2	6	6
3	6	6
4	6	6
5	6	6
6	0	0
7	0	0
8	1	1
9	1	1
10	1	1
11	2	2
12	2	2
13	2	2
14	2	2
15	2	2
16	6	6
17	2	2
18	2	2
19	6	6
20	6	6
21	1	1
22	2	2
23	2	2
24	2	2
25	0	0
26	6	6
27	1	1
28	6	6
29	6	6
30	2	2
31	6	2
32	2	6
33	6	6
34	2	2
35	3	3
36	3	3
37	3	3
38	4	4
39	4	4
40	4	4
41	4	4
42	6	6
43	6	6
44	6	6
45	6	6
46	6	6
47	6	6
48	4	4
49	6	6
50	6	6
51	4	4
52	6	6
53	6	6
54	6	6
55	6	6
56	6	6
57	6	4
58	6	6
59	6	6
60	4	4
61	6	6
62	6	6
63	6	6
64	6	6
65	6	6
66	6	6
67	6	6
68	6	6
69	4	4
70	6	6
71	6	6
72	6	6
73	6	6
74	6	6
75	6	6
76	6	6
77	6	6
78	6	6
79	6	6
80	6	6
81	6	6
82	6	6
83	6	6
84	6	6
85	6	6
86	6	6
87	6	6
88	4	4
89	4	4
90	6	6
91	4	4
92	6	6
93	4	4
94	6	4
95	6	4
96	4	4
97	6	6
98	6	6
99	6	6
100	6	6
101	6	6
102	4	4
103	6	6
104	4	4
105	4	4
106	4	4
107	4	4
108	4	4
109	4	4
110	4	4
111	4	4
112	4	4
113	4	4
114	6	6
115	6	6
116	4	4
117	4	4
118	4	4
119	4	4
120	4	4
121	4	4
122	6	6
123	6	4
124	6	6
125	4	4
126	4	4
127	6	6
128	6	6
129	6	6
130	4	4
131	6	6
132	6	6
133	4	4
134	6	6
135	6	6
136	4	4
137	4	4
138	6	4
139	4	4
140	6	4
141	6	6
142	6	6
143	6	6
144	4	4
145	6	6
146	4	4
147	6	6
148	6	6
149	6	6
150	4	4
151	4	4
152	6	6
153	6	6
154	6	6
155	6	6
156	4	4
157	6	6
158	6	6
159	4	4
160	4	4
161	4	4
162	6	6
163	6	6
164	6	6
165	2	2
166	6	2
167	2	2
168	2	2
169	6	6
170	1	1
171	6	6
172	2	2
173	2	2
174	1	5
175	1	5
176	2	5
177	1	5
178	0	5
179	0	5
180	6	6
181	0	5
182	6	6
183	6	1
184	6	1
185	1	5
186	0	5
187	6	6
188	1	5
189	6	6
190	6	6
191	6	6
192	2	2
193	2	2
194	2	2
195	2	2
196	2	2
197	6	6
198	6	6
199	6	6
200	6	6
201	6	6
202	2	2
203	2	2
204	2	2
205	6	6
206	6	6
207	2	2
208	2	2
209	2	2
210	2	2
211	2	2
212	2	2
213	6	6
214	6	6
215	6	2
216	6	6
217	2	2
218	2	2
219	2	2
220	2	2
221	6	6
222	6	6
223	6	6
224	6	6
225	6	3
226	6	2
227	6	6
228	6	6
229	2	2
230	2	2
231	2	2
232	2	2
233	2	2
234	6	6
235	2	2
236	2	2
237	3	3
238	2	2
239	6	6
240	6	6
241	6	6
242	6	6
243	6	6
244	6	6
245	6	6
246	6	6
247	2	2
248	2	2
249	2	2
250	3	3
251	2	2
252	2	2
253	3	3
254	3	3
255	3	3
256	6	6
257	3	3
258	4	4
259	4	4
260	4	4
261	6	6
262	4	4
263	4	4
264	6	4
265	4	6
266	4	4
267	6	6
268	4	4
269	3	3
270	3	3
271	6	6
272	6	6
273	2	2
274	6	6
275	2	2
276	2	2
277	2	2
278	6	6
279	6	6
280	6	6
281	6	6
282	6	6
283	6	6
284	6	6
285	6	6
286	6	6
287	6	6
288	4	4
289	6	4
290	6	6
291	6	6
292	6	6
293	6	6
294	6	6
295	6	6
296	6	6
297	1	5
298	6	6
299	1	5
300	0	5
301	0	5
302	1	5
303	6	5
304	6	6
305	1	5
306	1	5
307	0	5
308	0	5
309	0	5
310	1	5
311	1	5
312	6	6
313	6	6
314	1	5
315	1	5
316	1	5
317	1	5
318	6	6
319	6	6
320	5	5
321	6	6
322	6	6
323	6	6
324	1	5
325	6	6
326	6	6
327	5	5
328	5	5
329	5	5
330	5	5
331	5	5
332	2	5
333	5	5
334	6	5
335	6	5
336	5	5
337	5	5
338	5	6
339	6	6
340	5	5
341	5	5
342	5	5
343	6	6
344	0	0
345	1	1
346	2	2
347	6	6
348	1	1
349	6	6
350	6	6
351	6	6
352	6	6
353	6	6
354	6	6
355	6	6
356	6	6
357	6	6
358	6	6
359	6	6
360	6	6
361	6	6
362	6	6
363	6	6
364	6	6
365	6	6
366	6	6
367	6	6
368	6	6
369	6	6
370	6	6
371	6	6
372	6	6
373	6	6
374	6	6
375	6	6
376	6	6
377	6	6
378	6	6
379	6	6
380	6	6
381	6	6
382	6	6
383	2	2
384	6	2
385	2	2
386	6	6
387	6	6
388	6	6
389	6	6
390	6	6
391	6	6
392	6	6
393	6	6
394	6	6
395	6	6
396	6	6
397	6	6
398	6	6
399	6	6
400	6	6
401	6	6
402	6	6
403	6	6
404	6	6
405	6	6
406	6	6
407	6	6
408	6	6
409	6	6
410	2	2
411	6	6
412	2	2
413	2	2
414	6	6
415	6	6
416	6	6
417	2	2
418	2	2
419	2	2
420	6	6
421	6	6
422	6	6
423	6	6
424	3	3
425	4	4
426	4	4
427	4	4
428	6	6
429	6	4
430	4	4
431	6	6
432	4	4
433	6	6
434	4	4
435	4	4
436	4	4
437	4	4
438	4	4
439	4	4
440	4	4
441	4	4
442	4	4
443	6	6
444	4	4
445	4	4
446	4	4
447	4	4
448	6	6
449	6	6
450	4	4
451	4	4
452	4	4
453	4	4
454	4	4
455	4	4
456	4	4
457	4	4
458	4	4
459	4	4
460	4	4
461	4	4
462	4	4
463	4	4
464	4	4
465	6	4
466	4	4
467	4	4
468	4	4
469	4	4
470	6	6
471	4	4
472	4	4
473	4	4
474	4	4
475	4	4
476	4	4
477	4	4
478	4	4
479	4	4
480	4	4
481	4	4
482	4	4
483	4	4
484	4	4
485	6	6
486	6	6
487	6	2
488	6	2
489	6	6
490	6	2
491	5	5
492	6	6
493	6	6
494	5	5
495	6	5
496	6	6
497	6	6
498	6	6
499	5	5
500	5	5
501	5	5
502	5	5
503	5	5
504	6	6
505	6	6
506	6	6
507	2	1
508	5	5
509	0	5
510	5	5
511	5	5
512	5	5
513	5	5
514	5	5
515	6	6
516	5	5
517	5	5
518	5	5
519	5	5
520	6	2
521	5	2
522	2	2
523	5	2
524	5	2
525	2	2
526	2	2
527	2	2
528	2	2
529	2	2
530	2	2
531	2	2
532	2	2
533	2	2
534	2	2
535	2	2
536	6	6
537	6	6
538	6	6
539	6	6
540	6	6
541	6	6
542	6	6
543	6	6
544	6	6
545	6	6
546	6	6
547	6	6
548	6	6
549	6	6
550	6	6
551	6	6
552	6	6
553	6	6
554	6	6
555	6	6
556	6	6
557	6	6
558	6	6
559	6	6
560	6	6
561	6	6
562	6	6
563	6	6
564	6	6
565	6	6
566	6	6
567	6	6
568	6	6
569	6	6
570	6	6
571	6	6
572	6	6
573	6	6
574	6	6
575	6	6
576	6	6
577	6	6
578	6	6
579	6	6
580	6	6
581	6	6
582	6	6
583	1	1
584	2	2
585	2	2
586	6	2
587	6	6
588	6	2
589	6	2
590	2	2
591	6	6
592	6	2
593	2	2
594	2	2
595	2	2
596	2	2
597	6	2
598	6	6
599	6	6
600	6	5
601	6	6
602	6	5
603	6	5
604	5	5
605	5	5
606	5	5
607	5	5
608	6	6
609	5	5
610	5	5
611	5	5
612	5	5
613	5	5
614	6	6
615	5	5
616	5	5
617	6	6
618	5	5
619	6	6
620	5	5
621	6	6
622	6	6
623	6	6
624	0	0
625	1	1
626	1	1
627	1	1
628	1	1
629	1	1
630	1	1
631	1	1
632	6	6
633	6	6
634	1	1
635	1	1
636	1	1
637	6	6
638	6	6
639	6	6
640	6	6
641	6	6
642	6	6
643	6	6
644	0	0
645	1	1
646	2	2
647	2	2
648	6	6
649	6	6
650	0	0
651	0	0
652	0	0
653	6	6
654	6	6
655	6	6
656	6	6
657	0	0
658	6	0
659	0	0
660	0	0
661	0	0
662	0	0
663	1	1
664	0	0
665	0	0
666	1	1
667	1	1
668	6	0
669	1	1
670	0	0
671	6	6
672	1	1
673	1	1
674	1	1
675	0	0
676	0	0
677	0	0
678	6	6
679	6	6
680	6	1
681	1	1
682	1	1
683	6	1
684	1	1
685	6	6
686	6	6
687	6	0
688	0	0
689	1	1
690	1	1
691	6	1
692	6	1
693	0	0
694	1	1
695	2	2
696	1	1
697	6	2
698	2	2
699	2	2
700	6	1
701	0	0
702	6	1
703	1	1
704	6	1
705	0	0
706	0	0
707	0	0
708	0	0
709	0	0
710	1	1
711	6	1
712	6	0
713	6	6
714	0	0
715	0	0
716	6	6
717	0	0
718	0	0
719	6	0
720	6	0
721	0	0
722	0	0
723	6	6
724	1	1
725	1	1
726	6	6
727	6	6
728	6	6
729	6	6
730	6	6
731	1	1
732	1	1
733	2	2
734	2	2
735	1	1
736	1	1
737	6	0
738	0	0
739	1	1
740	6	6
741	6	6
742	6	6
743	6	6
744	6	1
745	1	1
746	2	2
747	2	2
748	2	2
749	6	2
750	6	1
751	6	1
752	0	0
753	2	1
754	6	6
755	6	2
756	6	2
757	6	2
758	6	2
759	6	2
760	6	2
761	6	2
762	6	2
763	6	6
764	2	6
765	6	6
766	6	6
767	0	0
768	1	1
769	6	6
770	6	6
771	6	6
772	6	6
773	6	6
774	6	6
775	6	6
776	6	6
777	6	6
778	6	6
779	6	6
780	6	6
781	6	6
782	6	6
783	6	6
784	6	6
785	6	6
786	6	6
787	6	6
788	6	6
789	6	6
790	0	0
791	1	1
792	1	1
793	0	0
794	6	6
795	6	6
796	6	6
797	6	6
798	6	6
799	6	6
800	6	6
801	6	6
802	6	6
803	6	6
804	6	6
805	6	6
806	6	6
807	6	6
808	6	6
809	6	6
810	6	6
811	6	6
812	6	6
813	6	6
814	6	6
815	6	6
816	6	6
817	6	6
818	6	6
819	6	6
820	6	6
821	6	6
822	6	6
823	6	6
824	6	6
825	6	6
826	6	6
827	6	6
828	6	6
829	6	6
830	6	6
831	6	6
832	6	6
833	6	6
834	6	6
835	6	6
836	6	6
837	6	6
