1	6	0
2	6	0
3	6	0
4	0	0
5	6	6
6	6	0
7	0	0
8	0	0
9	0	0
10	0	0
11	6	0
12	0	0
13	0	0
14	0	0
15	1	1
16	1	1
17	1	1
18	1	1
19	0	0
20	1	1
21	2	2
22	2	2
23	2	2
24	2	2
25	2	2
26	2	2
27	2	2
28	2	2
29	2	2
30	2	2
31	2	2
32	3	3
33	3	3
34	4	4
35	3	3
36	4	4
37	4	4
38	4	4
39	4	4
40	4	4
41	4	4
42	4	4
43	4	4
44	4	4
45	4	4
46	4	4
47	4	4
48	4	4
49	4	4
50	4	4
51	4	4
52	4	4
53	4	4
54	4	4
55	4	4
56	4	4
57	4	4
58	4	4
59	4	4
60	4	4
61	4	4
62	4	4
63	4	4
64	4	4
65	4	4
66	4	4
67	4	4
68	4	4
69	4	4
70	4	4
71	4	4
72	4	4
73	4	4
74	4	4
75	4	4
76	4	4
77	4	4
78	4	4
79	4	4
80	4	4
81	4	4
82	4	4
83	4	4
84	4	4
85	4	4
86	4	4
87	4	4
88	4	4
89	4	4
90	4	4
91	4	4
92	4	4
93	4	4
94	4	4
95	4	4
96	4	4
97	4	4
98	4	4
99	4	4
100	4	4
101	4	4
102	4	4
103	4	4
104	4	4
105	4	4
106	4	4
107	4	4
108	4	4
109	4	4
110	4	4
111	4	4
112	4	4
113	4	4
114	4	4
115	4	4
116	4	4
117	4	4
118	4	4
119	4	4
120	4	4
121	4	4
122	4	4
123	4	4
124	4	4
125	4	4
126	4	4
127	4	4
128	4	4
129	4	4
130	4	4
131	4	4
132	4	4
133	4	4
134	4	4
135	4	4
136	4	4
137	6	6
138	3	3
139	6	3
140	6	2
141	3	3
142	2	2
143	2	2
144	3	3
145	3	3
146	0	0
147	0	0
148	0	0
149	0	0
150	0	0
151	0	0
152	0	0
153	0	0
154	0	0
155	0	0
156	0	0
157	0	0
158	0	0
159	0	0
160	0	0
161	0	0
162	0	0
163	1	1
164	0	0
165	1	1
166	6	0
167	0	0
168	1	1
169	6	0
170	6	1
171	2	2
172	1	1
173	2	2
174	2	2
175	2	2
176	6	0
177	1	1
178	2	2
179	2	2
180	2	2
181	2	2
182	6	3
183	2	2
184	3	3
185	2	2
186	3	3
187	2	2
188	2	2
189	2	2
190	2	2
191	2	2
192	3	3
193	3	3
194	3	3
195	3	3
196	6	2
197	6	0
198	1	1
199	2	2
200	2	2
201	2	2
202	2	2
203	2	2
204	2	2
205	2	2
206	2	2
207	2	2
208	2	2
209	2	2
210	2	2
211	6	3
212	2	2
213	2	2
214	2	2
215	6	5
216	6	2
217	6	1
218	2	2
219	2	2
220	6	3
221	2	2
222	6	6
223	2	2
224	2	2
225	2	2
226	3	3
227	3	3
228	6	3
229	6	6
230	6	0
231	0	0
232	0	0
233	0	0
234	1	1
235	1	1
236	6	1
237	1	1
238	2	2
239	2	2
240	2	2
241	2	2
242	6	2
243	6	2
244	6	6
245	6	0
246	0	0
247	1	1
248	1	1
249	2	2
250	2	2
251	2	2
252	2	2
253	2	2
254	6	6
255	6	0
256	2	2
257	6	0
258	0	0
259	6	0
260	6	0
261	0	0
262	0	0
263	0	0
264	1	1
265	6	0
266	6	0
267	0	0
268	0	0
269	0	0
270	0	0
271	2	2
272	1	1
273	2	2
274	0	0
275	2	2
276	2	2
277	6	0
278	2	2
279	6	0
280	0	0
281	6	0
282	6	6
283	1	1
284	2	2
285	1	1
286	2	2
287	2	2
288	6	3
289	2	2
290	6	3
291	2	2
292	2	2
293	3	3
294	6	6
295	6	6
296	0	0
297	1	1
298	6	0
299	2	2
300	6	0
301	6	6
302	6	0
303	0	0
304	0	0
305	0	0
306	0	0
307	0	0
308	0	0
309	1	1
310	1	1
311	1	1
312	6	1
313	6	0
314	0	0
315	0	0
316	0	0
317	0	0
318	1	1
319	6	1
320	6	0
321	6	6
322	0	0
323	0	0
324	1	1
325	1	1
326	1	1
327	2	2
328	1	1
329	6	0
330	6	6
331	0	0
332	6	0
333	6	0
334	0	0
335	1	1
336	1	1
337	1	1
338	1	1
339	0	0
340	0	0
341	1	1
342	0	0
343	1	1
344	6	0
345	1	1
346	1	1
347	1	1
348	2	2
349	0	0
350	6	0
351	6	0
352	0	0
353	0	0
354	0	0
355	1	1
356	0	0
357	1	1
358	6	6
359	6	6
360	6	6
361	0	0
362	0	0
363	0	0
364	0	0
365	0	0
366	0	0
367	6	0
368	0	0
369	0	0
370	6	0
371	6	0
372	0	0
373	0	0
374	0	0
375	6	0
376	6	6
377	6	0
378	0	0
379	6	6
380	6	0
381	0	0
382	0	0
383	0	0
384	6	0
385	6	0
386	0	0
387	1	1
388	1	1
389	6	0
390	6	6
391	6	0
392	6	6
393	6	6
394	6	6
395	0	0
396	0	0
397	0	0
398	0	0
399	0	0
400	0	0
401	1	1
402	1	1
403	1	1
404	1	1
405	1	1
406	2	2
407	1	1
408	2	2
409	2	2
410	2	2
411	2	2
412	6	2
413	1	1
414	6	6
415	6	6
416	6	0
417	6	0
418	6	6
419	6	0
420	6	6
421	6	0
422	0	0
423	0	0
424	0	0
425	6	0
426	6	0
427	6	0
428	6	0
429	6	6
430	0	0
431	0	0
432	0	0
433	0	0
434	6	0
435	6	6
436	6	0
437	6	0
438	6	6
439	6	6
440	6	6
441	6	6
442	6	6
443	6	6
444	6	6
445	6	6
446	6	6
447	6	6
448	6	6
449	6	6
450	6	6
451	6	6
452	6	6
453	6	6
454	6	6
455	6	6
456	6	6
457	6	6
458	6	6
459	6	6
460	6	6
461	6	0
462	6	6
463	6	0
464	0	0
465	0	0
466	0	0
467	0	0
468	0	0
469	0	0
470	0	0
471	6	0
472	6	0
473	6	0
474	0	0
475	0	0
476	0	0
477	0	0
478	0	0
479	0	0
480	6	0
481	6	0
482	6	0
483	6	0
484	6	0
485	6	0
486	0	0
487	6	0
488	6	0
489	6	0
490	0	0
491	0	0
492	0	0
493	0	0
494	6	0
495	0	0
496	0	0
497	6	0
498	6	6
499	6	0
500	6	0
501	0	0
502	6	0
503	6	6
504	6	0
505	6	0
506	6	0
507	6	0
508	6	6
509	6	0
510	6	0
511	0	0
512	0	0
513	0	0
514	0	0
515	0	0
516	0	0
517	0	0
518	0	0
519	0	0
520	0	0
521	0	0
522	0	0
523	0	0
524	0	0
525	6	0
526	6	6
527	6	0
528	6	0
529	0	0
530	0	0
531	0	0
532	1	1
533	1	1
534	6	0
535	6	0
536	1	1
537	1	1
538	0	0
539	1	1
540	2	2
541	1	1
542	1	1
543	1	1
544	1	1
545	2	2
546	2	2
547	2	2
548	2	2
549	2	2
550	2	2
551	2	2
552	2	2
553	2	2
554	2	2
555	2	2
556	2	2
557	2	2
558	2	2
559	2	2
560	2	2
561	2	2
562	2	2
563	2	2
564	2	2
565	2	2
566	2	2
567	2	2
568	2	2
569	2	2
570	2	2
571	3	3
572	2	2
573	2	2
574	2	2
575	2	2
576	3	3
577	3	3
578	2	2
579	2	2
580	2	2
581	3	3
582	3	3
583	3	3
584	3	3
585	2	2
586	4	4
587	4	4
588	4	4
589	4	4
590	4	4
591	4	4
592	4	4
593	4	4
594	4	4
595	4	4
596	4	4
597	4	4
598	4	4
599	4	4
600	4	4
601	4	4
602	4	4
603	4	4
604	4	4
605	4	4
606	6	4
607	6	6
608	6	0
609	6	0
610	1	1
611	1	1
612	1	1
613	6	2
614	1	1
615	2	2
616	2	2
617	0	0
618	2	2
619	0	0
620	1	1
621	2	2
622	2	2
623	2	2
624	2	2
625	5	5
626	1	1
627	2	2
628	2	2
629	2	2
630	6	5
631	6	5
632	5	5
633	5	5
634	5	5
635	5	5
636	5	5
637	6	5
638	6	5
639	5	5
640	6	5
641	6	5
642	6	5
643	6	5
644	5	5
645	5	5
646	5	5
647	5	5
648	5	5
649	5	5
650	5	5
651	5	5
652	5	5
653	5	5
654	5	5
655	5	5
656	2	2
657	2	2
658	2	2
659	2	2
660	5	5
661	5	5
662	5	5
663	5	5
664	2	2
665	2	2
666	2	2
667	2	2
668	2	2
669	2	2
670	2	2
671	2	2
672	2	2
673	6	2
674	6	6
675	1	1
676	1	1
677	1	1
678	0	0
679	1	1
680	2	2
681	2	2
682	2	2
683	2	2
684	2	2
685	2	2
686	2	2
687	2	2
688	2	2
689	2	2
690	6	2
691	2	2
692	2	2
693	2	2
694	2	2
695	2	2
696	2	2
697	2	2
698	2	2
699	3	3
700	2	2
701	2	2
702	2	2
703	2	2
704	3	3
705	3	3
706	3	3
707	4	4
708	4	4
709	4	4
710	4	4
711	4	4
712	4	4
713	4	4
714	4	4
715	4	4
716	4	4
717	6	4
718	6	0
719	2	2
720	2	2
721	2	2
722	2	2
723	6	2
724	2	2
725	2	2
726	3	3
727	2	2
728	2	2
729	4	4
730	2	2
731	2	2
732	3	3
733	3	3
734	3	3
735	4	4
736	4	4
737	4	4
738	4	4
739	4	4
740	4	4
741	4	4
742	4	4
743	4	4
744	4	4
745	4	4
746	4	4
747	4	4
748	4	4
749	4	4
750	4	4
751	6	4
752	6	0
753	6	0
754	6	0
755	6	0
756	6	0
757	6	0
758	6	0
759	6	0
760	0	0
761	0	0
762	6	0
763	0	0
764	1	1
765	1	1
766	6	0
767	6	1
768	1	1
769	1	1
770	1	1
771	1	1
772	1	1
773	6	1
774	6	5
775	6	5
776	6	5
777	5	5
778	0	0
779	1	1
780	1	1
781	1	1
782	1	1
783	1	1
784	1	1
785	1	1
786	1	1
787	6	5
788	6	5
789	5	5
790	6	5
791	6	5
792	5	5
793	6	5
794	5	5
795	5	5
796	5	5
797	5	5
798	2	2
799	6	5
800	2	2
801	5	5
802	6	5
803	6	0
804	0	0
805	1	1
806	1	1
807	1	1
808	1	1
809	1	1
810	1	1
811	1	1
812	2	2
813	1	1
814	2	2
815	2	2
816	2	2
817	2	2
818	1	1
819	1	1
820	1	1
821	6	1
822	6	0
823	6	1
824	1	1
825	1	1
826	2	2
827	2	2
828	2	2
829	2	2
830	6	2
831	2	2
832	6	2
833	2	2
834	2	2
835	6	2
836	6	2
837	2	2
838	2	2
839	2	2
840	2	2
841	6	2
842	6	0
843	1	1
844	2	2
845	2	2
846	2	2
847	2	2
848	2	2
849	2	2
850	2	2
851	6	6
852	1	1
853	6	0
854	2	2
855	2	2
856	2	2
857	2	2
858	3	3
859	2	2
860	2	2
861	2	2
862	2	2
863	2	2
864	2	2
865	2	2
866	2	2
867	2	2
868	3	3
869	3	3
870	3	3
871	2	2
872	3	3
873	3	3
874	4	4
875	6	0
876	6	0
877	6	0
878	0	0
879	0	0
880	0	0
881	0	0
882	0	0
883	1	1
884	1	1
885	1	1
886	1	2
887	1	2
888	1	2
889	1	2
890	1	2
891	1	2
892	1	2
893	1	1
894	2	2
895	2	2
896	1	1
897	6	0
898	1	2
899	1	2
900	1	2
901	1	2
902	2	2
903	2	2
904	1	2
905	2	2
906	0	0
907	1	1
908	6	0
909	2	2
910	2	2
911	6	1
912	1	1
913	0	0
914	0	0
915	0	0
916	0	0
917	1	1
918	1	1
919	2	2
920	7	7
921	7	7
