1	6	6
2	6	6
3	0	0
4	0	0
5	6	6
6	0	0
7	6	6
8	6	6
9	6	6
10	6	6
11	0	0
12	6	6
13	0	0
14	0	0
15	0	0
16	0	0
17	0	0
18	0	0
19	1	1
20	1	1
21	1	1
22	6	6
23	6	6
24	6	6
25	2	2
26	2	2
27	2	2
28	2	2
29	2	2
30	2	2
31	2	2
32	2	2
33	6	6
34	6	6
35	0	0
36	6	6
37	0	0
38	1	1
39	1	1
40	1	1
41	1	1
42	2	2
43	2	2
44	2	2
45	6	6
46	2	2
47	2	2
48	2	2
49	2	2
50	6	6
51	2	2
52	2	2
53	3	3
54	3	3
55	3	3
56	3	3
57	4	4
58	4	4
59	4	4
60	6	6
61	6	6
62	6	6
63	2	2
64	6	6
65	2	2
66	2	2
67	2	2
68	6	6
69	2	2
70	2	2
71	2	2
72	2	2
73	2	2
74	2	2
75	2	2
76	2	2
77	2	2
78	3	3
79	3	3
80	3	3
81	4	4
82	4	4
83	4	4
84	4	4
85	4	4
86	4	4
87	6	6
88	6	6
89	6	6
90	2	2
91	2	2
92	6	6
93	2	2
94	2	2
95	3	3
96	2	2
97	6	6
98	6	6
99	6	6
100	6	6
101	1	1
102	1	1
103	2	2
104	2	2
105	2	2
106	2	2
107	2	2
108	2	2
109	2	2
110	6	6
111	6	6
112	6	6
113	6	6
114	6	6
115	6	6
116	6	6
117	0	0
118	0	0
119	1	1
120	1	1
121	1	1
122	6	6
123	6	6
124	6	6
125	6	6
126	6	6
127	6	6
128	6	6
129	0	0
130	0	0
131	0	0
132	0	0
133	0	0
134	0	0
135	6	6
136	6	6
137	0	0
138	6	6
139	6	6
140	6	6
141	6	6
142	6	6
143	0	0
144	0	0
145	0	0
146	6	6
147	6	6
148	6	6
149	0	0
150	6	6
151	0	0
152	0	0
153	0	0
154	0	0
155	0	0
156	6	6
157	6	6
158	6	6
159	6	6
160	0	0
161	0	0
162	0	0
163	0	0
164	0	0
165	0	0
166	6	6
167	6	6
168	6	6
169	6	6
170	0	0
171	0	0
172	6	6
173	6	6
174	6	6
175	6	6
176	0	0
177	6	6
178	6	6
179	0	0
180	6	6
181	6	6
182	0	0
183	0	0
184	0	0
185	1	1
186	6	6
187	6	6
188	6	6
189	1	1
190	6	6
191	1	1
192	6	6
193	6	6
194	0	0
195	6	6
196	6	6
197	6	6
198	6	6
199	1	1
200	1	1
201	1	1
202	6	6
203	1	1
204	6	6
205	6	6
206	1	1
207	6	6
208	6	6
209	1	1
210	6	6
211	6	6
212	6	6
213	6	6
214	1	1
215	6	6
216	6	6
217	6	6
218	1	1
219	6	6
220	1	1
221	6	6
222	6	6
223	6	6
224	6	6
225	6	6
226	6	6
227	1	1
228	6	6
229	1	1
230	6	6
231	6	6
232	6	6
233	6	6
234	1	1
235	6	6
236	6	6
237	1	1
238	6	6
239	6	6
240	6	6
241	6	6
242	6	6
243	6	6
244	2	2
245	2	2
246	2	2
247	2	2
248	6	6
249	6	6
250	2	2
251	6	6
252	2	2
253	6	6
254	6	6
255	6	6
256	6	6
257	6	6
258	6	6
259	6	6
260	6	6
261	6	6
262	0	0
263	1	1
264	1	1
265	1	1
266	2	2
267	2	2
268	2	2
269	2	2
270	2	2
271	2	2
272	2	2
273	2	2
274	2	2
275	2	2
276	3	3
277	3	3
278	3	3
279	6	6
280	2	2
281	2	2
282	2	2
283	3	3
284	2	2
285	2	2
286	2	2
287	5	5
288	6	6
289	1	1
290	2	2
291	2	2
292	6	6
293	5	5
294	5	5
295	5	5
296	6	6
297	5	5
298	5	5
299	5	5
300	6	6
301	1	1
302	1	1
303	2	2
304	2	2
305	2	2
306	2	2
307	2	2
308	2	2
309	2	2
310	2	2
311	2	2
312	2	2
313	2	2
314	2	2
315	2	2
316	2	2
317	3	3
318	2	2
319	3	3
320	2	2
321	2	2
322	2	2
323	6	6
324	2	2
325	2	2
326	2	2
327	2	2
328	6	6
329	6	6
330	2	2
331	2	2
332	2	2
333	6	6
334	2	2
335	2	2
336	3	3
337	3	3
338	3	3
339	4	4
340	3	3
341	4	4
342	4	4
343	4	4
344	4	4
345	4	4
346	4	4
347	6	6
348	4	4
349	6	6
350	6	6
351	6	6
352	4	4
353	6	6
354	6	6
355	6	6
356	6	6
357	6	6
358	4	4
359	6	6
360	6	6
361	6	6
362	6	6
363	6	6
364	6	6
365	6	6
366	6	6
367	4	4
368	4	4
369	6	6
370	4	4
371	4	4
372	6	6
373	6	6
374	6	6
375	4	4
376	6	6
377	6	6
378	6	6
379	6	6
380	6	6
381	6	6
382	6	6
383	6	6
384	6	6
385	6	6
386	6	6
387	6	6
388	6	6
389	6	6
390	6	6
391	6	6
392	6	6
393	6	6
394	6	6
395	6	6
396	6	6
397	6	6
398	6	6
399	6	6
400	6	6
401	6	6
402	6	6
403	4	4
404	6	6
405	6	6
406	6	6
407	6	6
408	6	6
409	4	4
410	6	6
411	4	4
412	6	6
413	6	6
414	6	6
415	6	6
416	6	6
417	6	6
418	6	6
419	6	6
420	6	6
421	2	2
422	5	5
423	5	5
424	6	6
425	5	5
426	5	5
427	5	5
428	6	6
429	5	5
430	6	6
431	0	0
432	1	1
433	1	1
434	2	2
435	2	2
436	2	2
437	2	2
438	2	2
439	2	2
440	2	2
441	2	2
442	6	6
443	2	2
444	2	2
445	2	2
446	6	6
447	2	2
448	6	6
449	2	2
450	2	2
451	2	2
452	2	2
453	6	6
454	6	6
455	2	2
456	6	6
457	6	6
458	2	2
459	2	2
460	6	6
461	6	6
462	6	6
463	6	6
464	6	6
465	6	6
466	6	6
467	6	6
468	6	6
469	6	6
470	6	6
471	6	6
472	6	6
473	6	6
474	6	6
475	6	6
476	6	6
477	6	6
478	6	6
479	6	6
480	6	6
481	6	6
482	6	6
483	6	6
484	6	6
485	6	6
486	6	6
487	6	6
488	6	6
489	6	6
490	6	6
491	6	6
492	6	6
493	6	6
494	6	6
495	6	6
496	6	6
497	6	6
498	6	6
499	6	6
500	6	6
501	6	6
502	6	6
503	6	6
504	6	6
505	6	6
506	1	1
507	6	6
508	6	6
509	6	6
510	1	1
511	6	6
512	6	6
513	1	1
514	6	6
515	6	6
516	6	6
517	6	6
518	6	6
519	6	6
520	6	6
521	6	6
522	6	6
523	6	6
524	6	6
525	6	6
526	6	6
527	6	6
528	6	6
529	6	6
530	6	6
531	6	6
532	6	6
533	6	6
534	6	6
535	6	6
536	6	6
537	6	6
538	6	6
539	6	6
540	6	6
541	6	6
542	6	6
543	6	6
544	6	6
545	6	6
546	6	6
547	6	6
548	6	6
549	6	6
550	6	6
551	6	6
552	6	6
553	6	6
554	6	6
555	6	6
556	6	6
557	6	6
558	6	6
559	6	6
560	6	6
561	6	6
562	6	6
563	6	6
564	6	6
565	6	6
566	6	6
567	6	6
568	6	6
569	6	6
570	6	6
571	6	6
572	6	6
573	6	6
574	6	6
575	6	6
576	6	6
577	6	6
578	6	6
579	6	6
580	6	6
581	6	6
582	6	6
583	6	6
584	6	6
585	6	6
586	6	6
587	6	6
588	6	6
589	2	2
590	2	2
591	1	1
592	6	6
593	6	6
594	6	6
595	0	0
596	1	1
597	1	1
598	1	1
599	1	1
600	1	1
601	1	1
602	0	0
603	6	6
604	6	6
605	6	6
606	6	6
607	6	6
608	6	6
609	6	6
610	6	6
611	6	6
612	0	0
613	1	1
614	1	1
615	6	6
616	6	6
617	6	6
618	0	0
619	1	1
620	6	6
621	6	6
622	1	1
623	1	1
624	1	1
625	6	6
626	0	0
627	0	0
628	1	1
629	1	1
630	1	1
631	1	1
632	6	6
633	6	6
634	6	6
635	6	6
636	0	0
637	1	1
638	1	1
639	6	6
640	1	1
641	1	1
642	1	1
643	1	1
644	2	2
645	2	2
646	2	2
647	2	2
648	2	2
649	2	2
650	6	6
651	2	2
652	2	2
653	2	2
654	2	2
655	6	6
656	2	2
657	6	6
658	6	6
659	6	6
660	6	6
661	6	6
662	6	6
663	6	6
664	2	2
665	6	6
666	6	6
667	6	6
668	6	6
669	6	6
670	6	6
671	6	6
672	2	2
673	2	2
674	2	2
675	6	6
676	6	6
677	6	6
678	2	2
679	2	2
680	2	2
681	6	6
682	2	2
683	6	6
684	6	6
685	2	2
686	2	2
687	6	6
688	6	6
689	3	3
690	6	6
691	6	6
692	6	6
693	3	3
694	6	6
695	6	6
696	6	6
697	6	6
698	6	6
699	6	6
700	6	6
701	2	2
702	6	6
703	6	6
704	6	6
705	3	3
706	6	6
707	6	6
708	3	3
709	6	6
710	6	6
711	6	6
712	6	6
713	6	6
714	6	6
715	6	6
716	6	6
717	6	6
718	6	6
719	6	6
720	6	6
721	6	6
722	6	6
723	6	6
724	6	6
725	6	6
726	6	6
727	6	6
728	6	6
729	6	6
730	6	6
731	6	6
732	6	6
733	6	6
734	6	6
735	6	6
736	6	6
737	6	6
738	6	6
739	6	6
740	6	6
741	6	6
742	6	6
743	6	6
744	6	6
745	6	6
746	2	2
747	6	6
748	6	6
749	6	6
750	6	6
751	6	6
752	2	2
753	6	6
754	6	6
755	6	6
756	6	6
757	6	6
758	6	6
759	6	6
760	6	6
761	1	1
762	6	6
763	6	6
764	6	6
765	1	1
766	2	2
767	2	2
768	6	6
769	6	6
770	6	6
771	6	6
772	6	6
773	6	6
774	6	6
775	6	6
776	6	6
777	6	6
778	6	6
779	6	6
780	6	6
781	6	6
782	6	6
783	6	6
784	6	6
785	6	6
786	6	6
787	6	6
788	6	6
789	0	0
790	6	6
791	6	6
792	6	6
793	1	1
794	1	1
795	1	1
796	6	6
797	6	6
798	2	2
799	2	2
800	2	2
801	2	2
802	2	2
803	2	2
804	2	2
805	2	2
806	2	2
807	6	6
808	6	6
809	6	6
810	6	6
811	6	6
812	6	6
813	6	6
814	6	6
815	6	6
816	6	6
817	1	1
818	2	2
819	2	2
820	1	1
821	1	1
822	1	1
823	1	1
824	1	1
825	2	2
826	6	6
827	6	6
828	6	6
829	2	2
830	2	2
831	6	6
832	0	0
833	1	1
834	5	5
835	6	6
836	5	5
837	5	5
838	5	5
839	6	6
840	6	6
841	6	6
842	6	6
843	6	6
844	6	6
845	6	6
846	0	0
847	6	6
848	6	6
849	6	6
850	6	6
851	6	6
852	6	6
853	6	6
854	1	1
855	1	1
856	1	1
857	1	1
858	1	1
859	1	1
860	6	6
861	0	0
862	6	6
863	6	6
864	1	1
865	1	1
866	1	1
867	6	6
868	1	1
869	6	6
870	6	6
871	6	6
872	7	7
