1	6	6
2	6	6
3	6	6
4	0	0
5	6	6
6	6	6
7	0	0
8	6	6
9	6	6
10	6	6
11	0	0
12	6	6
13	6	6
14	0	0
15	6	6
16	1	1
17	1	1
18	0	0
19	0	0
20	0	0
21	0	0
22	0	0
23	0	0
24	6	6
25	0	0
26	0	0
27	1	1
28	1	1
29	2	2
30	2	2
31	2	2
32	2	2
33	2	2
34	6	6
35	2	2
36	6	6
37	2	2
38	2	2
39	2	2
40	2	2
41	2	2
42	6	6
43	6	6
44	2	2
45	2	2
46	2	2
47	2	2
48	2	2
49	2	2
50	3	3
51	2	2
52	3	3
53	2	2
54	2	2
55	3	3
56	3	3
57	3	3
58	3	3
59	4	4
60	4	4
61	4	4
62	4	4
63	4	4
64	4	4
65	4	4
66	4	4
67	4	4
68	4	4
69	4	4
70	4	4
71	4	4
72	4	4
73	4	4
74	4	4
75	4	4
76	4	4
77	4	4
78	4	4
79	4	4
80	4	4
81	4	4
82	4	4
83	4	4
84	4	4
85	4	4
86	4	4
87	4	4
88	4	4
89	4	4
90	4	4
91	4	4
92	4	4
93	4	4
94	4	4
95	4	4
96	4	4
97	4	4
98	4	4
99	4	4
100	4	4
101	4	4
102	4	4
103	4	4
104	4	4
105	4	4
106	4	4
107	4	4
108	4	4
109	4	4
110	4	4
111	4	4
112	4	4
113	4	4
114	4	4
115	4	4
116	4	4
117	4	4
118	4	4
119	4	4
120	4	4
121	4	4
122	4	4
123	4	4
124	4	4
125	4	4
126	4	4
127	4	4
128	4	4
129	4	4
130	4	4
131	4	4
132	4	4
133	4	4
134	4	4
135	4	4
136	4	4
137	4	4
138	4	4
139	4	4
140	4	4
141	4	4
142	4	4
143	4	4
144	4	4
145	4	4
146	4	4
147	3	3
148	3	3
149	4	4
150	4	4
151	3	3
152	4	4
153	6	6
154	6	6
155	6	6
156	1	1
157	2	2
158	2	2
159	2	2
160	2	2
161	2	2
162	2	2
163	6	6
164	2	2
165	2	2
166	2	2
167	2	2
168	2	2
169	2	2
170	2	2
171	2	2
172	6	6
173	2	2
174	2	2
175	2	2
176	2	2
177	2	2
178	2	2
179	2	2
180	2	2
181	6	6
182	2	2
183	2	2
184	2	2
185	2	2
186	2	2
187	2	2
188	2	2
189	2	2
190	2	2
191	6	6
192	2	2
193	2	2
194	2	2
195	2	2
196	2	2
197	2	2
198	2	2
199	2	2
200	2	2
201	2	2
202	2	2
203	2	2
204	2	2
205	2	2
206	2	2
207	2	2
208	2	2
209	2	2
210	2	2
211	2	2
212	2	2
213	2	2
214	2	2
215	2	2
216	2	2
217	2	2
218	3	3
219	2	2
220	3	3
221	2	2
222	3	3
223	3	3
224	2	2
225	2	2
226	2	2
227	2	2
228	2	2
229	3	3
230	3	3
231	2	2
232	2	2
233	2	2
234	2	2
235	2	2
236	6	6
237	6	6
238	6	6
239	0	0
240	6	6
241	2	2
242	2	2
243	2	2
244	2	2
245	2	2
246	2	2
247	2	2
248	2	2
249	2	2
250	2	2
251	6	6
252	6	6
253	6	6
254	0	0
255	6	6
256	2	2
257	6	6
258	2	2
259	2	2
260	2	2
261	2	2
262	2	2
263	2	2
264	2	2
265	2	2
266	2	2
267	2	2
268	3	3
269	2	2
270	3	3
271	2	2
272	2	2
273	3	3
274	3	3
275	2	2
276	2	2
277	3	3
278	2	2
279	3	3
280	3	3
281	3	3
282	3	3
283	4	4
284	4	4
285	4	4
286	4	4
287	4	4
288	6	6
289	4	4
290	4	4
291	4	4
292	4	4
293	6	6
294	6	6
295	6	6
296	6	6
297	6	6
298	6	6
299	0	0
300	0	0
301	0	0
302	2	2
303	2	2
304	2	2
305	2	2
306	2	2
307	2	2
308	2	2
309	2	2
310	2	2
311	2	2
312	2	2
313	2	2
314	6	6
315	6	6
316	6	6
317	2	2
318	2	2
319	2	2
320	2	2
321	2	2
322	2	2
323	2	2
324	2	2
325	2	2
326	2	2
327	2	2
328	2	2
329	3	3
330	2	2
331	2	2
332	2	2
333	2	2
334	2	2
335	2	2
336	2	2
337	2	2
338	2	2
339	2	2
340	2	2
341	2	2
342	2	2
343	2	2
344	2	2
345	2	2
346	2	2
347	2	2
348	2	2
349	3	3
350	2	2
351	2	2
352	2	2
353	2	2
354	3	3
355	2	2
356	6	6
357	6	6
358	6	6
359	6	6
360	6	6
361	2	2
362	2	2
363	2	2
364	2	2
365	2	2
366	5	5
367	5	5
368	5	5
369	6	6
370	5	5
371	5	5
372	6	6
373	5	5
374	5	5
375	6	6
376	5	5
377	6	6
378	6	6
379	6	6
380	6	6
381	5	5
382	6	6
383	6	6
384	6	6
385	5	5
386	5	5
387	5	5
388	5	5
389	5	5
390	5	5
391	5	5
392	5	5
393	5	5
394	5	5
395	5	5
396	5	5
397	6	6
398	5	5
399	6	6
400	5	5
401	5	5
402	5	5
403	6	6
404	5	5
405	6	6
406	6	6
407	6	6
408	6	6
409	6	6
410	5	5
411	5	5
412	5	5
413	6	6
414	5	5
415	6	6
416	5	5
417	6	6
418	5	5
419	5	5
420	5	5
421	5	5
422	5	5
423	6	6
424	6	6
425	6	6
426	5	5
427	5	5
428	6	6
429	5	5
430	5	5
431	6	6
432	5	5
433	5	5
434	2	2
435	6	6
436	1	1
437	1	1
438	1	1
439	1	1
440	1	1
441	1	1
442	2	2
443	2	2
444	2	2
445	1	1
446	6	6
447	1	1
448	6	6
449	6	6
450	6	6
451	6	6
452	6	6
453	6	6
454	6	6
455	6	6
456	6	6
457	6	6
458	6	6
459	6	6
460	6	6
461	6	6
462	6	6
463	6	6
464	6	6
465	6	6
466	6	6
467	6	6
468	6	6
469	6	6
470	6	6
471	6	6
472	6	6
473	0	0
474	0	0
475	0	0
476	0	0
477	6	6
478	0	0
479	1	1
480	0	0
481	1	1
482	1	1
483	1	1
484	6	6
485	6	6
486	0	0
487	1	1
488	0	0
489	0	0
490	0	0
491	1	1
492	1	1
493	1	1
494	1	1
495	6	6
496	0	0
497	1	1
498	1	1
499	1	1
500	1	1
501	1	1
502	1	1
503	6	6
504	2	2
505	2	2
506	6	6
507	6	6
508	0	0
509	1	1
510	1	1
511	6	6
512	0	0
513	0	0
514	0	0
515	0	0
516	0	0
517	0	0
518	0	0
519	6	6
520	1	1
521	1	1
522	1	1
523	6	6
524	6	6
525	6	6
526	6	6
527	6	6
528	6	6
529	0	0
530	0	0
531	0	0
532	0	0
533	1	1
534	6	6
535	6	6
536	0	0
537	0	0
538	0	0
539	0	0
540	0	0
541	1	1
542	1	1
543	1	1
544	1	1
545	6	6
546	6	6
547	1	1
548	1	1
549	6	6
550	0	0
551	6	6
552	6	6
553	6	6
554	0	0
555	6	6
556	0	0
557	1	1
558	1	1
559	0	0
560	1	1
561	2	2
562	2	2
563	2	2
564	2	2
565	2	2
566	2	2
567	2	2
568	2	2
569	2	2
570	2	2
571	2	2
572	2	2
573	2	2
574	2	2
575	2	2
576	2	2
577	6	6
578	2	2
579	2	2
580	2	2
581	2	2
582	2	2
583	2	2
584	2	2
585	2	2
586	2	2
587	2	2
588	2	2
589	2	2
590	6	6
591	2	2
592	2	2
593	2	2
594	2	2
595	2	2
596	2	2
597	2	2
598	3	3
599	2	2
600	3	3
601	2	2
602	3	3
603	2	2
604	2	2
605	2	2
606	6	6
607	6	6
608	0	0
609	2	2
610	2	2
611	2	2
612	2	2
613	2	2
614	2	2
615	2	2
616	2	2
617	2	2
618	2	2
619	2	2
620	2	2
621	2	2
622	2	2
623	2	2
624	5	5
625	5	5
626	6	6
627	6	5
628	5	5
629	5	5
630	6	5
631	5	5
632	5	5
633	5	5
634	6	6
635	5	5
636	6	5
637	6	5
638	6	5
639	6	5
640	6	5
641	6	5
642	6	5
643	5	5
644	6	5
645	6	5
646	6	5
647	5	5
648	5	5
649	5	5
650	5	5
651	5	5
652	5	5
653	5	5
654	0	0
655	0	0
656	6	0
657	6	0
658	1	1
659	1	1
660	1	1
661	5	5
662	5	5
663	5	5
664	5	5
665	5	5
666	5	5
667	5	5
668	5	5
669	5	5
670	5	5
671	5	5
672	5	5
673	5	5
674	5	5
675	6	5
676	6	5
677	5	5
678	5	5
679	5	5
680	6	0
681	6	0
682	1	1
683	1	1
684	0	0
685	1	1
686	6	1
687	6	1
688	0	0
689	6	0
690	1	1
691	2	2
692	2	2
693	2	2
694	5	5
695	6	5
696	5	5
697	5	5
698	6	5
699	6	5
700	5	5
701	5	5
702	6	5
703	6	5
704	5	5
705	6	5
706	5	5
707	2	2
708	5	5
709	5	5
710	5	5
711	5	5
712	5	5
713	6	5
714	5	5
715	6	5
716	6	5
717	5	5
718	6	5
719	6	5
720	6	5
721	5	5
722	6	5
723	6	5
724	6	5
725	6	5
726	6	5
727	6	5
728	6	5
729	6	5
730	6	5
731	6	5
732	6	5
733	6	5
734	6	5
735	6	5
736	0	0
737	0	0
738	6	0
739	6	0
740	6	6
741	6	0
742	0	0
743	1	1
744	1	1
745	6	1
746	1	1
747	1	1
748	1	1
749	1	1
750	1	1
751	6	1
752	6	6
753	1	1
754	1	1
755	6	1
756	6	1
757	1	1
758	0	0
759	6	7
