1	6	6
2	6	6
3	6	6
4	6	6
5	6	6
6	6	6
7	6	6
8	6	6
9	6	6
10	6	6
11	6	6
12	6	6
13	6	6
14	6	6
15	6	6
16	6	6
17	6	6
18	6	6
19	6	6
20	6	6
21	6	6
22	6	6
23	6	6
24	6	6
25	6	0
26	6	0
27	6	0
28	6	0
29	6	6
30	6	0
31	6	0
32	6	0
33	6	0
34	0	0
35	6	0
36	0	0
37	6	0
38	0	0
39	0	0
40	0	0
41	1	1
42	1	1
43	1	1
44	1	1
45	1	1
46	1	1
47	1	1
48	1	1
49	2	2
50	2	2
51	2	2
52	2	2
53	2	2
54	2	2
55	2	2
56	2	2
57	2	2
58	2	2
59	2	2
60	2	2
61	2	2
62	2	2
63	2	2
64	2	2
65	3	3
66	2	2
67	2	2
68	2	2
69	3	3
70	2	2
71	2	2
72	3	3
73	3	3
74	6	4
75	3	3
76	6	4
77	4	4
78	6	4
79	6	4
80	1	1
81	2	2
82	2	2
83	2	2
84	2	2
85	6	3
86	6	2
87	6	2
88	6	2
89	6	2
90	6	2
91	4	4
92	4	4
93	4	4
94	4	4
95	6	4
96	4	4
97	6	4
98	4	4
99	4	4
100	6	4
101	6	4
102	6	4
103	6	4
104	6	4
105	6	3
106	6	3
107	2	2
108	2	2
109	2	2
110	3	3
111	2	2
112	2	2
113	4	4
114	2	2
115	6	3
116	3	3
117	4	4
118	3	3
119	3	3
120	4	4
121	4	4
122	4	4
123	1	1
124	1	1
125	2	2
126	6	2
127	2	2
128	2	2
129	2	2
130	2	2
131	2	2
132	2	2
133	2	2
134	3	3
135	3	3
136	2	2
137	3	3
138	2	2
139	3	3
140	2	2
141	2	2
142	2	2
143	2	2
144	2	2
145	2	2
146	2	2
147	2	2
148	2	2
149	2	2
150	2	2
151	2	2
152	1	1
153	6	6
154	1	1
155	1	1
156	2	2
157	1	1
158	1	1
159	1	1
160	2	2
161	2	2
162	6	2
163	6	2
164	2	2
165	2	2
166	6	2
167	2	2
168	2	2
169	2	2
170	2	2
171	2	2
172	2	2
173	2	2
174	2	2
175	2	2
176	2	2
177	2	2
178	2	2
179	2	2
180	2	2
181	2	2
182	2	2
183	4	4
184	2	2
185	3	3
186	2	2
187	2	2
188	3	3
189	2	2
190	2	2
191	2	2
192	2	2
193	3	3
194	3	3
195	2	2
196	2	2
197	3	3
198	3	3
199	3	3
200	3	3
201	4	4
202	4	4
203	4	4
204	4	4
205	4	4
206	4	4
207	2	2
208	2	2
209	3	3
210	3	3
211	6	6
212	1	1
213	2	2
214	2	2
215	2	2
216	2	2
217	2	2
218	2	2
219	2	2
220	2	2
221	2	2
222	2	2
223	2	2
224	2	2
225	2	2
226	2	2
227	2	2
228	2	2
229	2	2
230	2	2
231	2	2
232	2	2
233	2	2
234	2	2
235	2	2
236	2	2
237	2	2
238	2	2
239	2	2
240	2	2
241	2	2
242	2	2
243	6	6
244	6	0
245	1	1
246	1	1
247	1	1
248	2	2
249	2	2
250	2	2
251	2	2
252	2	2
253	2	2
254	2	2
255	2	2
256	2	2
257	2	2
258	2	2
259	2	2
260	2	2
261	2	2
262	2	2
263	2	2
264	3	3
265	2	2
266	2	2
267	3	3
268	2	2
269	2	2
270	3	3
271	4	4
272	4	4
273	3	3
274	2	2
275	3	3
276	3	3
277	4	4
278	4	4
279	4	4
280	4	4
281	4	4
282	4	4
283	3	3
284	2	2
285	2	2
286	2	2
287	2	2
288	2	2
289	6	2
290	6	0
291	1	1
292	1	1
293	2	2
294	2	2
295	6	2
296	6	1
297	2	2
298	2	2
299	2	2
300	2	2
301	2	2
302	2	2
303	2	2
304	6	2
305	6	2
306	2	2
307	2	2
308	2	2
309	2	2
310	2	2
311	6	0
312	6	1
313	6	1
314	2	2
315	2	2
316	2	2
317	6	5
318	5	5
319	5	5
320	6	5
321	5	5
322	6	5
323	5	5
324	6	5
325	5	5
326	5	5
327	5	5
328	5	5
329	6	5
330	6	5
331	6	5
332	5	5
333	5	5
334	6	5
335	5	5
336	5	5
337	6	5
338	6	5
339	6	5
340	5	5
341	5	5
342	6	5
343	6	5
344	6	5
345	6	5
346	6	5
347	6	5
348	5	5
349	5	5
350	5	5
351	5	5
352	5	5
353	5	5
354	6	5
355	6	5
356	5	5
357	5	5
358	5	5
359	6	5
360	5	5
361	6	5
362	5	5
363	5	5
364	5	5
365	5	5
366	6	5
367	6	5
368	5	5
369	5	5
370	6	5
371	6	5
372	6	5
373	6	6
374	1	1
375	1	1
376	1	1
377	2	2
378	2	2
379	2	2
380	2	2
381	2	2
382	2	2
383	2	2
384	2	2
385	2	2
386	2	2
387	2	2
388	2	2
389	2	2
390	2	2
391	2	2
392	2	2
393	2	2
394	2	2
395	2	2
396	2	2
397	2	2
398	2	2
399	2	2
400	2	2
401	2	2
402	2	2
403	2	2
404	2	2
405	2	2
406	6	6
407	6	6
408	0	0
409	0	0
410	1	1
411	2	2
412	2	2
413	2	2
414	2	2
415	2	2
416	2	2
417	2	2
418	2	2
419	2	2
420	2	2
421	2	2
422	2	2
423	2	2
424	3	3
425	2	2
426	2	2
427	2	2
428	3	3
429	3	3
430	2	2
431	3	3
432	4	4
433	3	3
434	2	2
435	2	2
436	6	2
437	2	2
438	2	2
439	2	2
440	2	2
441	2	2
442	6	2
443	2	2
444	2	2
445	2	2
446	6	2
447	6	1
448	1	1
449	1	1
450	6	1
451	2	2
452	2	2
453	2	2
454	2	2
455	2	2
456	2	2
457	2	2
458	6	0
459	6	6
460	1	1
461	1	1
462	2	2
463	2	2
464	2	2
465	2	2
466	2	2
467	2	2
468	2	2
469	2	2
470	2	2
471	2	2
472	2	2
473	2	2
474	2	2
475	2	2
476	2	2
477	2	2
478	2	2
479	2	2
480	2	2
481	2	2
482	2	2
483	2	2
484	2	2
485	2	2
486	2	2
487	2	2
488	2	2
489	2	2
490	2	2
491	2	2
492	2	2
493	6	6
494	1	1
495	1	1
496	2	2
497	2	2
498	2	2
499	2	2
500	2	2
501	6	2
502	2	2
503	2	2
504	2	2
505	2	2
506	5	5
507	5	5
508	6	5
509	5	5
510	5	5
511	5	5
512	5	5
513	6	5
514	6	5
515	6	5
516	6	5
517	6	5
518	6	5
519	6	5
520	6	5
521	6	5
522	5	5
523	6	5
524	5	5
525	5	5
526	5	5
527	5	5
528	6	5
529	5	5
530	6	5
531	6	5
532	6	5
533	6	5
534	6	5
535	5	5
536	6	5
537	5	5
538	6	5
539	6	5
540	6	5
541	5	5
542	5	5
543	5	5
545	5	5
546	6	5
547	6	5
548	6	5
549	6	5
550	5	5
551	5	5
552	6	5
553	5	5
554	5	5
555	5	5
556	5	5
557	5	5
558	5	5
559	5	5
560	5	5
561	6	6
562	1	1
563	1	1
564	2	2
565	2	2
566	2	2
567	2	2
568	2	2
569	2	2
570	2	2
571	2	2
572	2	2
573	2	2
574	2	2
575	2	2
576	2	2
577	2	2
578	2	2
579	2	2
580	2	2
581	2	2
582	2	2
583	2	2
584	2	2
585	2	2
586	2	2
587	2	2
588	2	2
589	2	2
590	2	2
591	2	2
592	2	2
593	3	3
594	2	2
595	2	2
596	3	3
597	2	2
598	4	4
599	2	2
600	3	3
601	3	3
602	3	3
603	4	4
604	4	4
605	3	3
606	4	4
607	3	3
608	4	4
609	3	3
610	3	3
611	3	3
612	3	3
613	3	3
614	4	4
615	2	2
616	2	2
617	2	2
618	2	2
619	2	2
620	3	3
621	3	3
622	2	2
623	2	2
624	3	3
625	3	3
626	3	3
627	2	2
628	3	3
629	2	2
630	2	2
631	3	3
632	2	2
633	2	2
634	2	2
635	3	3
636	3	3
637	4	4
638	3	3
639	3	3
640	3	3
641	3	3
642	3	3
643	3	3
644	3	3
645	3	3
646	4	4
647	4	4
648	6	6
649	1	1
650	6	1
651	6	1
652	2	2
653	2	2
654	2	2
655	2	2
656	2	2
657	2	2
658	2	2
659	2	2
660	2	2
661	2	2
662	2	2
663	2	2
664	6	0
665	6	0
666	6	0
667	6	0
668	2	2
669	2	2
670	2	2
671	2	2
672	2	2
673	2	2
674	2	2
675	2	2
676	2	2
677	2	2
678	2	2
679	2	2
680	2	2
681	2	2
682	2	2
683	2	2
684	2	2
685	2	2
686	2	2
687	2	2
688	2	2
689	2	2
690	2	2
691	2	2
692	2	2
693	6	6
694	1	1
695	6	1
696	2	2
697	2	2
698	2	2
699	6	2
700	6	2
701	2	2
702	2	2
703	2	2
704	2	2
705	2	2
706	5	5
707	5	5
708	5	5
709	5	5
710	6	5
711	6	5
712	5	5
713	6	5
714	6	5
715	6	5
716	6	5
717	6	5
718	5	5
719	5	5
720	5	5
721	5	5
722	5	5
723	6	5
724	6	5
725	6	5
726	6	5
727	6	5
728	6	5
729	6	5
730	5	5
731	5	5
732	5	5
733	5	5
734	6	1
735	1	1
736	1	1
737	1	1
738	2	2
739	2	2
740	2	2
741	2	2
742	2	2
743	2	2
744	6	6
745	6	6
746	6	6
747	6	0
748	1	1
749	1	1
750	1	1
751	1	1
752	1	1
753	2	2
754	2	2
755	2	2
756	2	2
757	2	2
758	2	2
759	2	2
760	2	2
761	2	2
762	2	2
763	2	2
764	2	2
765	6	6
766	6	6
767	0	0
768	0	0
769	1	1
770	1	1
771	1	1
772	1	1
773	1	1
774	1	1
775	1	1
776	1	1
777	2	2
778	2	2
779	2	2
780	2	2
781	2	2
782	2	2
783	2	2
784	2	2
785	2	2
786	2	2
787	2	2
788	2	2
789	2	2
790	2	2
791	2	2
792	2	2
793	2	2
794	2	2
795	2	2
796	2	2
797	2	2
798	2	2
799	2	2
800	2	2
801	2	2
802	2	2
803	2	2
804	2	2
805	2	2
806	2	2
807	2	2
808	2	2
809	2	2
810	2	2
811	2	2
812	2	2
813	2	2
814	2	2
815	2	2
816	2	2
817	2	2
818	2	2
819	2	2
820	2	2
821	2	2
822	2	2
823	2	2
824	2	2
825	2	2
826	2	2
827	2	2
828	2	2
829	2	2
830	2	2
831	2	2
832	2	2
833	2	2
834	2	2
835	3	3
836	2	2
837	2	2
838	3	3
839	2	2
840	6	6
841	1	1
842	2	2
843	2	2
844	2	2
845	2	2
846	2	2
847	2	2
848	2	2
849	2	2
850	2	2
851	2	2
852	5	5
853	5	5
854	5	5
855	6	5
856	6	5
857	6	5
858	6	5
859	6	5
860	5	5
861	5	5
862	5	5
863	5	5
864	6	5
865	6	5
866	6	5
867	6	5
868	6	5
869	6	5
870	6	5
871	6	5
872	5	5
873	5	5
874	6	5
875	5	5
876	5	5
877	5	5
878	6	5
879	6	5
880	5	5
881	5	5
882	5	5
883	6	5
884	5	5
885	5	5
886	5	5
887	6	5
888	5	5
889	5	5
890	5	5
891	6	5
892	6	5
893	6	5
894	6	5
895	5	5
896	5	5
897	5	5
898	5	5
899	5	5
900	5	5
901	5	5
902	5	5
903	5	5
904	5	5
905	5	5
906	5	5
907	5	5
908	5	5
909	5	5
910	0	0
911	1	1
912	1	1
913	1	1
914	1	1
915	1	1
916	1	1
917	1	1
918	2	2
919	2	2
920	2	2
921	2	2
922	2	2
923	2	2
924	2	2
925	2	2
926	2	2
927	2	2
928	2	2
929	2	2
930	2	2
931	6	6
932	0	0
933	6	0
934	1	1
935	1	1
936	2	2
937	2	2
938	1	1
939	6	6
940	1	1
941	2	2
942	2	2
943	2	2
944	2	2
945	2	2
946	2	2
947	2	2
948	2	2
949	2	2
950	2	2
951	2	2
952	2	2
953	2	2
954	2	2
955	2	2
956	2	2
957	2	2
958	2	2
959	2	2
960	2	2
961	2	2
962	2	2
963	2	2
964	2	2
965	2	2
966	2	2
967	2	2
968	2	2
969	2	2
970	2	2
971	2	2
972	2	2
973	2	2
974	2	2
975	2	2
976	2	2
977	2	2
978	2	2
979	2	2
980	2	2
981	2	2
982	2	2
983	2	2
984	2	2
985	2	2
986	2	2
987	2	2
988	2	2
989	2	2
990	2	2
991	2	2
992	2	2
993	2	2
994	3	3
995	2	2
996	2	2
997	2	2
998	2	2
999	2	2
1000	2	2
1001	3	3
1002	6	2
1003	6	0
1004	1	1
1005	1	1
1006	2	2
1007	2	2
1008	2	2
1009	2	2
1010	2	2
1011	2	2
1012	2	2
1013	2	2
1014	2	2
1015	5	5
1016	5	5
1017	5	5
1018	5	5
1019	5	5
1020	6	5
1021	6	5
1022	6	5
1023	6	5
1024	6	5
1025	6	5
1026	6	5
1027	6	5
1028	5	5
1029	6	5
1030	6	5
1031	6	5
1032	6	5
1033	6	5
1034	6	5
1035	6	5
1036	5	5
1037	6	5
1038	5	5
1039	5	5
1040	5	5
1041	6	5
1042	6	5
1043	6	5
1044	6	5
1045	6	5
1046	6	5
1047	6	5
1048	6	5
1049	6	5
1050	5	5
1051	5	5
1052	5	5
1053	5	5
1054	5	5
1055	5	5
1056	5	5
1057	5	5
1058	5	5
1059	6	6
1060	6	6
1061	6	6
0	6	7
