1	6	0
2	6	0
3	6	0
4	6	0
5	6	0
6	6	0
7	0	0
8	0	0
9	0	0
10	0	0
11	1	1
12	1	1
13	1	1
14	1	1
15	6	2
16	6	0
17	2	2
18	2	2
19	2	2
20	2	2
21	2	2
22	2	2
23	2	2
24	2	2
25	2	2
26	2	2
27	2	2
28	2	2
29	2	2
30	2	2
31	2	2
32	2	2
33	2	2
34	2	2
35	2	2
36	3	3
37	4	4
38	4	4
39	2	2
40	4	4
41	4	4
42	4	4
43	4	4
44	6	4
45	4	4
46	4	4
47	6	4
48	4	4
49	3	3
50	3	3
51	4	4
52	6	6
53	6	2
54	2	2
55	3	3
56	3	3
57	2	2
58	3	3
59	3	3
60	4	4
61	4	4
62	4	4
63	4	4
64	4	4
65	4	4
66	4	4
67	6	4
68	4	4
69	4	4
70	4	4
71	4	4
72	4	4
73	4	4
74	4	4
75	4	4
76	4	4
77	4	4
78	4	4
79	4	4
80	4	4
81	6	4
82	6	4
83	6	4
84	6	4
85	6	4
86	6	4
87	6	4
88	4	4
89	6	4
90	6	4
91	6	4
92	4	4
93	6	4
94	4	4
95	6	4
96	4	4
97	4	4
98	4	4
99	6	4
100	4	4
101	4	4
102	4	4
103	4	4
104	6	4
105	4	4
106	6	4
107	4	4
108	6	4
109	4	4
110	4	4
111	6	4
112	4	4
113	4	4
114	4	4
115	4	4
116	4	4
117	4	4
118	4	4
119	4	4
120	4	4
121	4	4
122	6	4
123	3	3
124	3	3
125	2	2
126	3	3
127	2	2
128	3	3
129	2	2
130	6	2
131	6	3
132	6	6
133	6	6
134	2	2
135	2	2
136	2	2
137	6	2
138	6	6
139	6	2
140	2	2
141	2	2
142	2	2
143	3	3
144	2	2
145	2	2
146	2	2
147	2	2
148	2	2
149	2	2
150	2	2
151	3	3
152	2	2
153	5	5
154	5	5
155	5	5
156	6	5
157	6	5
158	6	5
159	6	5
160	6	5
161	6	5
162	6	5
163	5	5
164	6	5
165	6	5
166	5	5
167	5	5
168	5	5
169	6	5
170	5	5
171	5	5
172	6	5
173	6	5
174	5	5
175	5	5
176	5	5
177	5	5
178	6	5
179	6	5
180	2	2
181	2	2
182	2	2
183	2	2
184	2	2
185	2	2
186	2	2
187	2	2
188	2	2
189	2	2
190	2	2
191	2	2
192	2	2
193	6	2
194	6	2
195	2	2
196	2	2
197	2	2
198	2	2
199	2	2
200	2	2
201	2	2
202	2	2
203	2	2
204	3	3
205	3	3
206	3	3
207	3	3
208	4	4
209	4	4
210	6	6
211	6	2
212	3	3
213	6	6
214	6	2
215	6	2
216	2	2
217	2	2
218	3	3
219	3	3
220	3	3
221	3	3
222	3	3
223	3	3
224	3	3
225	4	4
226	4	4
227	3	3
228	4	4
229	3	3
230	4	4
231	4	4
232	4	4
233	4	4
234	4	4
235	4	4
236	4	4
237	4	4
238	4	4
239	4	4
240	4	4
241	4	4
242	4	4
243	4	4
244	4	4
245	6	4
246	6	6
247	6	6
248	2	2
249	6	3
250	2	2
251	6	6
252	2	2
253	2	2
254	6	6
255	6	6
256	6	6
257	6	2
258	2	2
259	2	2
260	2	2
261	2	2
262	2	2
263	2	2
264	3	3
265	3	3
266	3	3
267	4	4
268	3	3
269	4	4
270	3	3
271	3	3
272	2	2
273	3	3
274	2	2
275	4	4
276	4	4
277	3	3
278	3	3
279	4	4
280	3	3
281	4	4
282	4	4
283	4	4
284	4	4
285	4	4
286	6	4
287	4	4
288	4	4
289	4	4
290	4	4
291	4	4
292	4	4
293	4	4
294	4	4
295	4	4
296	4	4
297	4	4
298	4	4
299	6	6
300	6	6
301	2	2
302	3	3
303	2	2
304	3	3
305	3	3
306	3	3
307	3	3
308	6	5
309	6	5
310	2	2
311	2	2
312	2	2
313	6	5
314	6	5
315	6	5
316	5	5
317	6	5
318	5	5
319	6	5
320	6	5
321	6	5
322	6	5
323	6	5
324	6	5
325	5	5
326	6	5
327	6	5
328	6	5
329	6	5
330	5	5
331	6	5
332	6	5
333	6	5
334	6	5
335	6	2
336	6	6
337	2	2
338	2	2
339	2	2
340	2	2
341	2	2
342	2	2
343	2	2
344	2	2
345	2	2
346	6	5
347	2	2
348	2	2
349	6	5
350	6	5
351	6	5
352	6	5
353	6	5
354	6	5
355	6	5
356	6	5
357	6	2
358	6	2
359	2	2
360	2	2
361	2	2
362	2	2
363	2	2
364	2	2
365	2	2
366	2	2
367	6	2
368	2	2
369	2	2
370	2	2
371	2	2
372	2	2
373	2	2
374	2	2
375	2	2
376	2	2
377	6	6
378	6	2
379	2	2
380	2	2
381	2	2
382	2	2
383	2	2
384	2	2
385	3	3
386	2	2
387	2	2
388	2	2
389	2	2
390	2	2
391	2	2
392	2	2
393	6	6
394	2	2
395	2	2
396	2	2
397	2	2
398	2	2
399	2	2
400	2	2
401	2	2
402	2	2
403	2	2
404	2	2
405	2	2
406	2	2
407	2	2
408	2	2
409	2	2
410	2	2
411	2	2
412	2	2
413	6	6
414	6	0
415	6	0
416	6	2
417	6	2
418	6	2
419	6	2
420	6	2
421	6	6
422	6	2
423	2	2
424	2	2
425	2	2
426	2	2
427	2	2
428	2	2
429	2	2
430	2	2
431	2	2
432	3	3
433	2	2
434	2	2
435	2	2
436	2	2
437	2	2
438	2	2
439	2	2
440	2	2
441	2	2
442	3	3
443	2	2
444	3	3
445	2	2
446	3	3
447	3	3
448	4	4
449	4	4
450	4	4
451	4	4
452	2	2
453	2	2
454	2	2
455	3	3
456	3	3
457	6	6
458	5	5
459	5	5
460	6	6
461	6	6
462	6	6
463	5	5
464	4	4
465	4	4
466	2	2
467	3	3
468	2	2
469	4	4
470	4	4
471	4	4
472	4	4
473	4	4
474	4	4
475	4	4
476	4	4
477	4	4
478	4	4
479	4	4
480	4	4
481	4	4
482	4	4
483	4	4
484	4	4
485	4	4
486	2	2
487	3	3
488	3	3
489	2	2
490	6	2
491	6	2
492	2	2
493	6	6
494	6	2
495	2	2
496	6	2
497	6	6
498	6	2
499	6	2
500	2	2
501	2	2
502	6	2
503	6	6
504	2	2
505	6	2
506	2	2
507	2	2
508	2	2
509	2	2
510	2	2
511	2	2
512	6	5
513	6	5
514	6	5
515	6	5
516	6	5
517	6	5
518	6	5
519	6	5
520	5	5
521	5	5
522	6	5
523	6	5
524	6	5
525	6	5
526	6	5
527	6	5
528	6	5
529	6	5
530	6	5
531	6	5
532	5	5
533	5	5
534	6	5
535	6	0
536	2	2
537	6	2
538	6	6
539	6	0
540	6	0
541	0	0
542	1	1
543	2	2
544	2	2
545	2	2
546	6	2
547	6	1
548	2	2
549	2	2
550	2	2
551	6	2
552	6	2
553	6	2
554	1	1
555	6	2
556	6	2
557	6	2
558	6	6
559	6	0
560	6	2
561	6	1
563	2	2
564	6	6
565	6	6
566	6	2
567	6	2
568	6	2
569	6	0
570	6	0
571	6	0
572	1	1
573	2	2
574	2	2
575	2	2
576	2	2
577	2	2
578	2	2
579	2	2
580	6	2
581	6	6
582	6	1
583	1	2
584	6	0
585	6	6
586	6	0
587	6	0
588	6	0
589	6	0
590	6	6
591	6	6
592	6	6
593	6	0
594	0	0
595	0	0
596	0	0
597	0	0
598	0	0
599	0	0
600	6	6
601	6	0
602	1	1
603	1	1
604	1	1
605	1	1
606	6	6
607	6	0
608	6	6
609	6	2
610	2	2
611	2	2
612	2	2
613	2	2
614	2	2
615	2	2
616	2	2
617	2	2
618	6	2
619	6	6
620	6	6
621	6	0
622	6	0
623	2	2
624	2	2
625	2	2
626	2	2
627	2	2
628	2	2
629	2	2
630	2	2
631	2	2
632	2	2
633	2	2
634	2	2
635	6	6
636	6	6
637	6	2
638	6	2
639	2	2
640	2	2
641	2	2
642	3	3
643	6	3
644	6	2
645	2	2
646	2	2
647	2	2
648	2	2
649	2	2
650	6	2
651	2	2
652	2	2
653	2	2
654	3	3
655	2	2
656	3	3
657	2	2
658	3	3
659	3	3
660	2	2
661	2	2
662	2	2
663	6	2
664	6	5
665	5	5
666	6	5
667	6	5
668	6	5
669	6	5
670	6	5
671	6	5
672	6	5
673	6	5
674	6	5
675	6	5
676	6	5
677	6	5
678	6	5
679	5	5
680	6	5
681	6	5
682	6	5
683	5	5
684	5	5
685	5	5
686	5	5
687	5	5
688	6	5
689	6	5
690	6	5
691	5	5
692	5	5
693	5	5
694	5	5
695	5	5
696	5	5
697	5	5
698	6	5
699	5	5
700	6	5
701	6	5
702	5	5
703	6	5
704	6	5
705	6	5
706	6	5
707	6	5
708	5	5
709	6	5
710	6	5
711	6	5
712	6	6
713	6	0
714	6	6
715	6	6
716	6	2
717	6	2
718	6	0
719	6	0
720	6	0
721	6	0
722	6	2
723	2	2
724	2	2
725	6	6
726	6	1
727	6	0
728	6	2
729	2	2
730	2	2
731	6	2
732	2	2
733	2	2
734	2	2
735	2	2
736	2	2
737	2	2
738	2	2
739	2	2
740	2	2
741	2	2
742	2	2
743	2	2
744	2	2
745	2	2
746	2	2
747	3	3
748	2	2
749	2	2
750	2	2
751	2	2
752	4	4
753	3	3
754	3	3
755	3	3
756	3	3
757	3	3
758	4	4
759	4	4
760	4	4
761	3	3
762	4	4
763	4	4
764	3	3
765	2	2
766	3	3
767	3	3
768	3	3
769	4	4
770	3	3
771	4	4
772	4	4
773	4	4
774	4	4
775	4	4
776	6	4
777	4	4
778	4	4
779	4	4
780	4	4
781	4	4
782	4	4
783	4	4
784	4	4
785	4	4
786	4	4
787	4	4
788	4	4
789	4	4
790	4	4
791	4	4
792	4	4
793	4	4
794	4	4
795	4	4
796	4	4
797	4	4
798	4	4
799	4	4
800	4	4
801	4	4
802	4	4
803	4	4
804	4	4
805	4	4
806	4	4
807	4	4
808	4	4
809	4	4
810	4	4
811	4	4
812	4	4
813	6	4
814	4	4
815	4	4
816	4	4
817	4	4
818	4	4
819	4	4
820	4	4
821	4	4
822	3	3
823	4	4
824	4	4
825	3	3
826	3	3
827	2	2
828	2	2
829	2	2
830	5	5
831	6	5
832	6	5
833	5	5
834	5	5
835	5	5
836	6	5
837	5	5
838	6	5
839	6	6
840	2	2
841	6	5
842	6	5
843	6	5
844	6	5
845	5	5
846	6	5
847	6	5
848	6	5
849	6	5
850	5	5
851	5	5
852	2	2
853	5	5
854	5	5
855	5	5
856	5	5
857	6	5
858	5	5
859	2	2
860	6	5
861	5	5
862	6	2
863	2	2
864	2	2
865	2	2
866	2	2
867	2	2
868	2	2
869	2	2
870	2	2
871	2	2
872	2	2
873	2	2
874	6	6
875	6	6
876	6	1
877	1	1
878	6	1
879	6	1
880	6	1
881	6	1
882	6	0
883	6	0
884	6	0
885	6	1
886	6	1
887	1	1
888	2	2
889	6	6
890	6	6
891	6	0
892	6	0
893	6	0
894	6	0
0	6	0
