1	6	0
2	6	0
3	6	0
4	6	0
5	6	0
6	6	0
7	6	0
8	6	0
9	6	0
10	6	0
11	6	0
12	0	0
13	0	0
14	0	0
15	0	0
16	0	0
17	0	0
18	0	0
19	0	0
20	0	0
21	0	0
22	6	0
23	6	0
24	0	0
25	0	0
26	0	0
27	0	0
28	6	0
29	6	0
30	0	0
31	0	0
32	0	0
33	0	0
34	6	0
35	0	0
36	0	0
37	0	0
38	1	1
39	1	1
40	1	1
41	1	1
42	1	1
43	2	2
44	2	2
45	0	0
46	1	1
47	6	0
48	1	1
49	6	1
50	1	1
51	2	2
52	2	2
53	6	2
54	6	0
55	0	0
56	0	0
57	0	0
58	1	1
59	1	1
60	6	1
61	2	2
62	2	2
63	2	2
64	2	2
65	2	2
66	2	2
67	2	2
68	2	2
69	2	2
70	2	2
71	2	2
72	2	2
73	2	2
74	2	2
75	2	2
76	2	2
77	2	2
78	2	2
79	2	2
80	2	2
81	2	2
82	2	2
83	3	3
84	3	3
85	3	3
86	3	3
87	3	3
88	3	3
89	4	4
90	4	4
91	4	4
92	6	3
93	3	3
94	3	3
95	3	3
96	3	3
97	4	4
98	3	3
99	4	4
100	4	4
101	4	4
102	4	4
103	4	4
104	4	4
105	4	4
106	4	4
107	4	4
108	4	4
109	3	3
110	3	3
111	4	4
112	4	4
113	3	3
114	4	4
115	3	3
116	4	4
117	4	4
118	4	4
119	4	4
120	4	4
121	4	4
122	6	4
123	6	4
124	2	2
125	2	2
126	2	2
127	3	3
128	3	3
129	3	3
130	3	3
131	4	4
132	3	3
133	4	4
134	4	4
135	4	4
136	4	4
137	4	4
138	4	4
139	4	4
140	4	4
141	4	4
142	4	4
143	4	4
144	4	4
145	4	4
146	4	4
147	4	4
148	4	4
149	4	4
150	4	4
151	4	4
152	4	4
153	4	4
154	4	4
155	4	4
156	4	4
157	4	4
158	4	4
159	4	4
160	4	4
161	4	4
162	4	4
163	4	4
164	4	4
165	4	4
166	4	4
167	4	4
168	4	4
169	4	4
170	4	4
171	4	4
172	3	3
173	6	3
174	6	6
175	2	2
176	2	2
177	2	2
178	2	2
179	2	2
180	2	2
181	2	2
182	2	2
183	2	2
184	2	2
185	2	2
186	2	2
187	2	2
188	2	2
189	2	2
190	2	2
191	2	2
192	2	2
193	2	2
194	6	2
195	2	2
196	2	2
197	6	2
198	2	2
199	6	5
200	6	5
201	5	5
202	6	5
203	5	5
204	5	5
205	6	6
206	6	5
207	6	5
208	5	5
209	6	5
210	5	5
211	5	5
212	5	5
213	5	5
214	2	2
215	2	2
216	6	2
217	2	2
218	2	2
219	2	2
220	2	2
221	2	2
222	2	2
223	2	2
224	2	2
225	2	2
226	2	2
227	2	2
228	2	2
229	2	2
230	2	2
231	2	2
232	2	2
233	2	2
234	2	2
235	6	6
236	6	2
237	2	2
238	2	2
239	2	2
240	2	2
241	2	2
242	2	2
243	2	2
244	2	2
245	2	2
246	2	2
247	2	2
248	2	2
249	6	6
250	6	2
251	6	2
252	2	2
253	2	2
254	6	2
255	6	2
256	2	2
257	2	2
258	2	2
259	2	2
260	2	2
261	2	2
262	2	2
263	2	2
264	2	2
265	2	2
266	2	2
267	2	2
268	2	2
269	2	2
270	2	2
271	2	2
272	2	2
273	2	2
274	2	2
275	2	2
276	2	2
277	2	2
278	2	2
279	2	2
280	2	2
281	2	2
282	2	2
283	2	2
284	2	2
285	2	2
286	2	2
287	2	2
288	2	2
289	2	2
290	3	3
291	6	6
292	6	1
293	6	2
294	2	2
295	2	2
296	2	2
297	2	2
298	2	2
299	2	2
300	2	2
301	3	3
302	2	2
303	2	2
304	3	3
305	2	2
306	2	2
307	2	2
308	2	2
309	2	2
310	6	6
311	2	2
312	2	2
313	2	2
314	2	2
315	2	2
316	2	2
317	2	2
318	2	2
319	2	2
320	2	2
321	2	2
322	2	2
323	2	2
324	2	2
325	2	2
326	4	4
327	6	3
328	2	2
329	3	3
330	2	2
331	3	3
332	2	2
333	2	2
334	6	2
335	6	2
336	2	2
337	2	2
338	2	2
339	6	5
340	2	2
341	6	5
342	6	5
343	6	5
344	5	5
345	5	5
346	5	5
347	5	5
348	5	5
349	5	5
350	5	5
351	6	5
352	6	6
353	6	5
354	6	5
355	6	5
356	6	5
357	6	5
358	6	5
359	6	5
360	6	5
361	6	5
362	5	5
363	5	5
364	6	5
365	6	6
366	5	5
367	6	5
368	6	5
369	6	5
370	6	5
371	6	5
372	6	5
373	6	5
374	6	5
375	5	5
376	6	5
377	6	5
378	6	5
379	6	5
380	6	5
381	6	5
382	6	5
383	6	5
384	5	5
385	5	5
386	5	5
387	6	5
388	6	5
389	5	5
390	5	5
391	5	5
392	5	5
393	6	5
394	6	0
395	1	1
396	2	2
397	2	2
398	1	1
399	1	1
400	1	1
401	1	1
402	2	2
403	2	2
404	2	2
405	2	2
406	2	2
407	2	2
408	2	2
409	2	2
410	2	2
411	2	2
412	2	2
413	2	2
414	2	2
415	2	2
416	2	2
417	2	2
418	2	2
419	2	2
420	2	2
421	2	2
422	2	2
423	2	2
424	2	2
425	2	2
426	2	2
427	2	2
428	6	6
429	6	2
430	2	2
431	2	2
432	2	2
433	2	2
434	2	2
435	2	2
436	2	2
437	2	2
438	2	2
439	2	2
440	2	2
441	2	2
442	2	2
443	2	2
444	2	2
445	2	2
446	2	2
447	2	2
448	2	2
449	2	2
450	2	2
451	2	2
452	2	2
453	2	2
454	2	2
455	2	2
457	2	2
458	2	2
459	2	2
460	2	2
461	2	2
462	2	2
463	2	2
464	3	3
465	2	2
466	2	2
467	3	3
468	2	2
469	2	2
470	2	2
471	3	3
472	2	2
473	2	2
474	3	3
475	3	3
476	4	4
477	3	3
478	3	3
479	3	3
480	4	4
481	4	4
482	4	4
483	4	4
484	4	4
485	4	4
486	4	4
487	3	3
488	3	3
489	3	3
490	3	3
491	4	4
492	4	4
493	4	4
494	3	3
495	4	4
496	4	4
497	4	4
498	4	4
499	4	4
500	4	4
501	4	4
502	4	4
503	3	3
504	3	3
505	4	4
506	4	4
507	4	4
508	6	4
509	4	4
510	4	4
511	4	4
512	4	4
513	4	4
514	4	4
515	4	4
516	4	4
517	4	4
518	4	4
519	4	4
520	4	4
521	4	4
522	4	4
523	3	3
524	4	4
525	4	4
526	3	3
527	4	4
528	4	4
529	4	4
530	4	4
531	4	4
532	3	3
533	3	3
534	4	4
535	4	4
536	4	4
537	4	4
538	3	3
539	3	3
540	4	4
541	4	4
542	6	4
543	6	6
544	6	2
545	2	2
546	2	2
547	2	2
548	2	2
549	2	2
550	2	2
551	2	2
552	3	3
553	3	3
554	2	2
555	2	2
556	5	5
557	5	5
558	6	5
559	5	5
560	5	5
561	6	5
562	2	2
563	6	5
564	6	5
565	5	5
566	5	5
567	5	5
568	6	5
569	6	5
570	5	5
571	5	5
572	5	5
573	6	5
574	6	5
575	5	5
576	6	5
577	5	5
578	5	5
579	2	2
580	5	5
581	5	5
582	6	5
583	6	5
584	5	5
585	6	5
586	6	6
587	6	1
588	1	1
589	6	2
590	1	1
591	1	1
592	2	2
593	6	5
594	5	5
595	5	5
596	6	5
597	5	5
598	5	5
599	6	5
600	5	5
601	5	5
602	5	5
603	2	2
604	5	5
605	6	5
606	6	5
607	5	5
608	5	5
609	5	5
610	6	5
611	6	5
612	5	5
613	5	5
614	5	5
615	2	2
616	2	2
617	6	0
618	6	1
619	6	2
620	2	2
621	2	2
622	2	2
623	2	2
624	2	2
625	2	2
626	2	2
627	2	2
628	2	2
629	2	2
630	2	2
631	2	2
632	2	2
633	2	2
634	2	2
635	2	2
636	6	2
637	6	1
638	2	2
639	2	2
640	2	2
641	2	2
642	2	2
643	6	2
644	2	2
645	2	2
646	2	2
647	2	2
648	2	2
649	2	2
650	2	2
651	2	2
652	2	2
653	2	2
654	2	2
655	2	2
656	2	2
657	2	2
658	2	2
659	2	2
660	2	2
661	2	2
662	2	2
663	2	2
664	2	2
665	2	2
666	2	2
667	6	6
668	6	2
669	2	2
670	2	2
671	2	2
672	2	2
673	2	2
674	2	2
675	6	2
676	6	2
677	2	2
678	2	2
679	2	2
680	2	2
681	2	2
682	2	2
683	0	0
684	6	0
685	6	0
686	2	2
687	2	2
688	2	2
689	2	2
690	2	2
691	2	2
692	2	2
693	2	2
694	2	2
695	2	2
696	2	2
697	2	2
698	2	2
699	2	2
700	2	2
701	2	2
702	3	3
703	2	2
704	2	2
705	2	2
706	2	2
707	2	2
708	2	2
709	2	2
710	2	2
711	2	2
712	2	2
713	2	2
714	3	3
715	2	2
716	2	2
717	2	2
718	2	2
719	2	2
720	5	5
721	5	5
722	5	5
723	6	5
724	6	5
725	6	5
726	6	5
727	6	5
728	6	5
729	6	5
730	6	5
731	6	5
732	5	5
733	5	5
734	6	5
735	6	5
736	6	5
737	6	5
738	6	5
739	6	5
740	6	5
741	6	5
742	6	5
743	6	5
744	5	5
745	5	5
746	6	5
747	6	5
748	6	5
749	6	5
750	6	5
751	5	5
752	6	5
753	6	5
754	6	5
755	6	5
756	6	5
757	5	5
758	5	5
759	6	5
760	6	5
761	6	5
762	6	5
763	5	5
764	6	5
765	6	5
766	6	5
767	6	5
768	6	5
769	6	5
770	6	5
771	6	5
772	6	0
773	1	1
774	1	1
775	1	1
776	1	1
777	1	1
778	1	1
779	1	1
780	1	1
781	1	1
782	1	1
783	2	2
784	2	2
785	2	2
786	2	2
787	6	2
788	6	6
789	0	0
790	1	1
791	2	2
792	2	2
793	6	2
794	6	0
795	6	0
796	6	0
797	6	0
798	0	0
799	0	0
800	0	0
801	0	0
802	6	0
803	6	0
804	0	0
805	6	0
806	0	0
807	0	0
808	6	0
809	1	1
810	1	1
811	2	2
812	2	2
813	2	2
814	2	2
815	0	0
816	2	2
817	0	0
818	6	0
819	0	0
820	0	0
821	1	1
822	1	1
823	2	2
824	2	2
825	2	2
826	2	2
827	2	2
828	2	2
829	2	2
830	2	2
831	6	2
832	6	0
833	6	0
834	0	0
835	6	0
836	6	0
0	6	0
