1	6	6
2	6	6
3	6	6
4	6	0
5	0	0
6	0	0
7	6	0
8	6	6
9	6	0
10	6	0
11	0	0
12	0	0
13	0	0
14	0	0
15	0	0
16	0	0
17	0	0
18	1	1
19	1	1
20	1	1
21	1	1
22	1	1
23	2	2
24	2	2
25	2	2
26	2	2
27	2	2
28	2	2
29	2	2
30	2	2
31	2	2
32	2	2
33	2	2
34	2	2
35	2	2
36	2	2
37	2	2
38	2	2
39	2	2
40	2	2
41	2	2
42	2	2
43	3	3
44	3	3
45	3	3
46	3	3
47	3	3
48	4	4
49	3	3
50	3	3
51	3	3
52	4	4
53	4	4
54	4	4
55	4	4
56	4	4
57	4	4
58	4	4
59	4	4
60	4	4
61	4	4
62	4	4
63	4	4
64	4	4
65	4	4
66	4	4
67	4	4
68	4	4
69	4	4
70	4	4
71	4	4
72	4	4
73	4	4
74	4	4
75	4	4
76	4	4
77	4	4
78	4	4
79	4	4
80	4	4
81	4	4
82	4	4
83	4	4
84	4	4
85	4	4
86	4	4
87	4	4
88	4	4
89	4	4
90	4	4
91	4	4
92	4	4
93	4	4
94	4	4
95	4	4
96	4	4
97	4	4
98	4	4
99	4	4
100	4	4
101	4	4
102	4	4
103	4	4
104	4	4
105	4	4
106	4	4
107	4	4
108	4	4
109	6	4
110	6	6
111	6	0
112	6	0
113	2	2
114	2	2
115	6	6
116	2	2
117	6	6
118	2	2
119	6	2
120	2	2
121	6	2
122	2	2
123	2	2
124	2	2
125	2	2
126	2	2
127	2	2
128	6	2
129	2	2
130	3	3
131	3	3
132	3	3
133	3	3
134	3	3
135	3	3
136	4	4
137	3	3
138	4	4
139	4	4
140	4	4
141	4	4
142	4	4
143	6	4
144	3	3
145	3	3
146	6	2
147	6	6
148	6	0
149	2	2
150	6	2
151	2	2
152	6	0
153	2	2
154	2	2
155	2	2
156	3	3
157	2	2
158	3	3
159	2	2
160	2	2
161	2	2
162	5	5
163	5	5
164	5	5
165	5	5
166	5	5
167	5	5
168	5	5
169	5	5
170	6	5
171	5	5
172	5	5
173	5	5
174	5	5
175	5	5
176	6	5
177	6	5
178	5	5
179	5	5
180	5	5
181	5	5
182	5	5
183	5	5
184	5	5
185	5	5
186	5	5
187	5	5
188	5	5
189	5	5
190	6	5
191	6	5
192	5	5
193	6	5
194	5	5
195	1	1
196	1	1
197	1	1
198	1	1
199	1	1
200	1	1
201	1	1
202	1	1
203	1	1
204	1	1
205	2	2
206	2	2
207	2	2
208	2	2
209	2	2
210	2	2
211	2	2
212	2	2
213	2	2
214	2	2
215	2	2
216	6	2
217	6	6
218	6	0
219	0	0
220	1	1
221	6	0
222	0	0
223	6	2
224	2	2
225	2	2
226	2	2
227	6	1
228	2	2
229	2	2
230	2	2
231	2	2
232	6	0
233	2	2
234	2	2
235	2	2
236	2	2
237	6	0
238	6	0
239	6	2
240	2	2
241	2	2
242	6	2
243	2	2
244	2	2
245	2	2
246	6	2
247	2	2
248	2	2
249	2	2
250	2	2
251	6	1
252	2	2
253	2	2
254	2	2
255	2	2
256	2	2
257	6	1
258	6	0
259	6	0
260	6	0
261	1	1
262	2	2
263	2	2
264	2	2
265	2	2
266	2	2
267	2	2
268	2	2
269	2	2
270	2	2
271	2	2
272	3	3
273	6	6
274	6	2
275	2	2
276	2	2
277	2	2
278	2	2
279	2	2
280	6	1
281	2	2
282	2	2
283	2	2
284	2	2
285	2	2
286	3	3
287	2	2
288	2	2
289	2	2
290	2	2
291	2	2
292	3	3
293	4	4
294	6	2
295	3	3
296	3	3
297	6	3
298	6	6
299	6	0
300	0	0
301	6	0
302	6	0
303	6	0
304	2	2
305	2	2
306	6	2
307	6	6
308	2	2
309	2	2
310	2	2
311	2	2
312	2	2
313	6	2
314	2	2
315	2	2
316	2	2
317	6	2
318	0	0
319	2	2
320	2	2
321	2	2
322	2	2
323	3	3
324	2	2
325	3	3
326	2	2
327	2	2
328	2	2
329	2	2
330	2	2
331	6	2
332	2	2
333	2	2
334	3	3
335	2	2
336	2	2
337	3	3
338	6	3
339	2	2
340	2	2
341	6	2
342	6	6
343	6	6
344	0	0
345	6	0
346	0	0
347	0	0
348	2	2
349	2	2
350	6	2
351	2	2
352	2	2
353	2	2
354	2	2
355	6	2
356	2	2
357	6	2
358	2	2
359	2	2
360	6	2
361	6	6
362	2	2
363	2	2
364	2	2
365	2	2
366	6	2
367	2	2
368	6	2
369	2	2
370	2	2
371	6	2
372	6	1
373	2	2
374	6	2
375	6	2
376	2	2
377	6	2
378	3	3
379	2	2
380	2	2
381	2	2
382	6	2
383	6	2
384	2	2
385	6	2
386	6	6
387	6	0
388	2	2
389	2	2
390	2	2
391	2	2
392	2	2
393	6	6
394	6	0
395	6	0
396	0	0
397	6	6
398	1	1
399	6	1
400	6	6
401	6	6
402	6	0
403	6	0
404	0	0
405	0	0
406	0	0
407	0	0
408	6	0
409	1	1
410	1	1
411	1	1
412	6	1
413	1	1
414	1	1
415	1	1
416	5	5
417	6	5
418	6	5
419	6	5
420	6	5
421	0	0
422	1	1
423	1	1
424	6	5
425	5	5
426	5	5
427	6	5
428	5	5
429	5	5
430	5	5
431	5	5
432	5	5
433	5	5
434	5	5
435	5	5
436	5	5
437	6	5
438	5	5
439	5	5
440	6	5
441	6	5
442	5	5
443	5	5
444	6	5
445	6	5
446	6	5
447	5	5
448	6	5
449	6	0
450	6	0
451	1	1
452	0	0
453	0	0
454	0	0
455	1	1
456	5	5
457	5	5
458	5	5
459	5	5
460	5	5
461	5	5
462	5	5
463	5	5
464	5	5
465	1	1
466	1	1
467	1	1
468	6	1
469	6	1
470	1	1
471	6	0
472	1	1
473	2	2
474	6	1
475	2	2
476	2	2
477	2	2
478	2	2
479	2	2
480	2	2
481	2	2
482	2	2
483	2	2
484	2	2
485	2	2
486	2	2
487	2	2
488	2	2
489	2	2
490	2	2
491	2	2
492	2	2
493	2	2
494	2	2
495	2	2
496	2	2
497	2	2
498	2	2
499	2	2
500	2	2
501	2	2
502	2	2
503	2	2
504	2	2
505	3	3
506	3	3
507	3	3
508	3	3
509	6	3
510	2	2
511	2	2
512	2	2
513	2	2
514	3	3
515	3	3
516	4	4
517	4	4
518	4	4
519	4	4
520	4	4
521	4	4
522	4	4
523	4	4
524	4	4
525	4	4
526	4	4
527	4	4
528	4	4
529	4	4
530	4	4
531	4	4
532	4	4
533	4	4
534	4	4
535	4	4
536	4	4
537	4	4
538	4	4
539	4	4
540	4	4
541	4	4
542	4	4
543	4	4
544	4	4
545	4	4
546	4	4
547	4	4
548	4	4
549	4	4
550	4	4
551	4	4
552	4	4
553	4	4
554	4	4
555	4	4
556	4	4
557	4	4
558	4	4
559	4	4
560	4	4
561	4	4
562	4	4
563	4	4
564	4	4
565	4	4
566	4	4
567	4	4
568	6	6
569	6	0
571	6	0
572	6	0
573	6	0
574	6	1
575	1	1
576	1	1
577	6	1
578	2	2
579	2	2
580	2	2
581	2	2
582	2	2
583	2	2
584	2	2
585	6	2
586	6	0
587	1	1
588	6	1
589	2	2
590	2	2
591	2	2
592	2	2
593	2	2
594	2	2
595	2	2
596	2	2
597	6	2
598	6	6
599	2	2
600	2	2
601	6	6
602	2	2
603	2	2
604	6	6
605	1	1
606	6	1
607	6	6
608	6	0
609	6	1
610	1	1
611	2	2
612	2	2
613	6	2
614	6	1
615	2	2
616	6	2
617	6	0
618	2	2
619	2	2
620	6	2
621	2	2
622	2	2
623	2	2
624	2	2
625	2	2
626	6	0
627	6	0
628	1	1
629	1	1
630	2	2
631	2	2
632	6	6
633	2	2
634	2	2
635	2	2
636	2	2
637	2	2
638	2	2
639	6	6
640	6	6
641	1	1
642	6	0
643	6	1
644	2	2
645	2	2
646	6	2
647	2	2
648	2	2
649	2	2
650	2	2
651	2	2
652	2	2
653	2	2
654	2	2
655	2	2
656	2	2
657	6	2
658	6	6
659	6	2
660	2	2
661	2	2
662	6	2
663	2	2
664	2	2
665	2	2
666	6	3
667	6	2
668	2	2
669	2	2
670	6	6
671	2	2
672	2	2
673	6	6
674	2	2
675	2	2
676	2	2
677	5	5
678	5	5
679	6	5
680	6	5
681	6	5
682	6	5
683	6	5
684	6	5
685	6	5
686	6	5
687	5	5
688	5	5
689	6	5
690	6	6
691	0	0
692	0	0
693	0	0
694	1	1
695	6	1
696	1	1
697	1	1
698	1	1
699	1	1
700	1	1
701	1	1
702	5	5
703	5	5
704	6	5
705	5	5
706	6	5
707	6	5
708	6	5
709	5	5
710	5	5
711	6	5
712	5	5
713	6	5
714	6	5
715	6	5
716	6	0
717	1	1
718	1	1
719	5	5
720	5	5
721	5	5
722	5	5
723	5	5
724	5	5
725	5	5
726	5	5
727	6	0
728	0	0
729	6	0
730	1	1
731	6	0
732	6	0
733	0	0
734	6	1
735	6	6
736	0	0
737	0	0
738	1	1
739	2	2
740	2	2
741	1	1
742	1	1
743	2	2
744	2	2
745	2	2
746	2	2
747	2	2
748	2	2
749	2	2
750	2	2
751	2	2
752	6	6
753	6	6
754	1	1
755	1	1
756	1	1
757	6	1
758	2	2
759	2	2
760	2	2
761	2	2
762	2	2
763	2	2
764	2	2
765	2	2
766	2	2
767	2	2
768	2	2
769	2	2
770	2	2
771	2	2
772	2	2
773	2	2
774	2	2
775	2	2
776	2	2
777	2	2
778	6	6
779	2	2
780	2	2
781	2	2
782	2	2
783	2	2
784	2	2
785	2	2
786	2	2
787	2	2
788	2	2
789	2	2
790	2	2
791	2	2
792	2	2
793	2	2
794	2	2
795	2	2
796	2	2
797	2	2
798	3	3
799	2	2
800	2	2
801	3	3
802	3	3
803	2	2
804	3	3
805	2	2
806	2	2
807	2	2
808	2	2
809	2	2
810	3	3
811	3	3
812	3	3
813	2	2
814	2	2
815	2	2
816	2	2
817	3	3
818	2	2
819	3	3
820	6	6
821	6	1
822	2	2
823	1	1
824	1	1
825	6	1
826	6	0
827	1	1
828	2	2
829	2	2
830	2	2
831	2	2
832	5	5
833	5	5
834	5	5
835	5	5
836	6	5
837	6	5
838	5	5
839	6	5
840	6	5
841	6	5
842	6	5
843	6	5
844	6	5
845	6	5
846	5	5
847	5	5
848	5	5
849	5	5
850	5	5
851	6	5
852	6	0
853	5	5
854	5	5
855	5	5
856	5	5
857	6	5
858	5	5
859	5	5
860	5	5
861	5	5
862	5	5
863	5	5
864	5	5
865	6	5
866	5	5
867	6	5
868	6	5
869	5	5
870	0	0
871	1	1
872	1	1
873	1	1
874	1	1
875	1	1
876	1	1
877	1	1
878	2	2
879	2	2
880	2	2
881	2	2
882	2	2
883	2	2
884	6	1
885	6	1
886	1	1
887	6	6
888	6	0
889	1	1
890	1	1
891	1	1
892	6	1
893	6	0
894	1	1
895	1	1
896	1	1
897	1	1
898	1	1
899	2	2
900	1	1
901	2	2
902	6	6
903	1	1
904	1	1
905	1	1
906	2	2
907	2	2
908	2	2
909	2	2
910	2	2
911	2	2
912	2	2
913	2	2
914	2	2
915	2	2
916	2	2
917	2	2
918	2	2
919	2	2
920	2	2
921	2	2
922	2	2
923	2	2
924	2	2
925	2	2
926	2	2
927	2	2
928	2	2
929	2	2
930	2	2
931	2	2
932	2	2
933	2	2
934	2	2
935	2	2
936	2	2
937	2	2
938	2	2
939	2	2
940	2	2
941	2	2
942	2	2
943	2	2
944	2	2
945	2	2
946	2	2
947	3	3
948	2	2
949	2	2
950	2	2
951	5	5
952	5	5
953	5	5
954	5	5
955	5	5
956	5	5
957	6	5
958	6	5
959	5	5
960	6	5
961	6	5
962	5	5
963	6	5
964	5	5
965	5	5
966	6	5
967	5	5
968	5	5
969	5	5
970	5	5
971	6	6
972	6	0
973	1	1
974	1	1
975	1	1
976	1	1
977	1	1
978	1	1
979	1	1
980	2	2
981	5	5
982	6	5
983	5	5
984	5	5
985	5	5
986	5	5
987	5	5
988	6	5
989	5	5
990	5	5
991	6	5
992	5	5
993	6	5
994	5	5
995	6	5
996	5	5
997	6	5
998	6	5
999	6	0
1000	5	5
1001	5	5
1002	6	5
1003	5	5
1004	5	5
1005	6	0
1006	1	1
1007	6	6
1008	6	0
1009	0	0
1010	0	0
1011	1	1
1012	1	1
1013	1	1
1014	1	1
1015	1	1
1016	1	1
1017	1	1
1018	2	2
1019	2	2
1020	2	2
1021	2	2
1022	6	0
1023	6	0
1024	0	0
1025	1	1
1026	0	0
1027	1	1
1028	2	2
1029	2	2
1030	2	2
1031	2	2
1032	2	2
1033	2	2
1034	2	2
1035	2	2
1036	2	2
1037	2	2
1038	2	2
1039	2	2
1040	2	2
1041	2	2
1042	2	2
1043	2	2
1044	2	2
1045	2	2
1046	2	2
1047	2	2
1048	2	2
1049	2	2
1050	2	2
1051	2	2
1052	2	2
1053	2	2
1054	2	2
1055	2	2
1056	2	2
1057	2	2
1058	2	2
1059	3	3
1060	2	2
1061	2	2
1062	2	2
1063	2	2
1064	2	2
1065	3	3
1066	2	2
1067	3	3
1068	2	2
1069	2	2
1070	2	2
1071	2	2
1072	2	2
1073	2	2
1074	2	2
1075	3	3
1076	2	2
1077	2	2
1078	2	2
1079	2	2
1080	2	2
1081	2	2
1082	2	2
1083	6	2
1084	2	2
1085	2	2
1086	2	2
1087	2	2
1088	2	2
1089	6	6
1090	6	6
1091	6	6
1092	6	6
1093	6	6
1094	6	6
1095	6	6
1096	6	6
1097	6	6
1098	6	6
1099	0	0
1100	6	0
1101	0	0
1102	6	0
1103	6	0
1104	6	0
1105	6	6
1106	6	0
1107	6	6
1108	6	6
1109	6	6
0	6	0
