1	6	6
2	6	6
3	6	6
4	6	6
5	6	6
6	0	0
7	6	6
8	6	6
9	0	0
10	6	6
11	0	0
12	0	0
13	6	6
14	0	0
15	1	1
16	1	1
17	1	1
18	1	1
19	1	1
20	1	1
21	6	6
22	1	1
23	1	1
24	2	2
25	2	2
26	6	6
27	1	1
28	2	2
29	6	6
30	2	2
31	2	2
32	1	1
33	6	6
34	2	2
35	2	2
36	2	2
37	2	2
38	6	6
39	6	6
40	6	6
41	6	6
42	6	6
43	6	6
44	6	6
45	6	6
46	0	0
47	0	0
48	1	1
49	1	1
50	1	1
51	6	6
52	6	6
53	1	1
54	6	6
55	2	2
56	2	2
57	2	2
58	2	2
59	2	2
60	2	2
61	2	2
62	2	2
63	3	3
64	2	2
65	3	3
66	2	2
67	4	4
68	4	4
69	4	4
70	4	4
71	4	4
72	4	4
73	4	4
74	3	3
75	4	4
76	4	4
77	4	4
78	4	4
79	4	4
80	4	4
81	4	4
82	4	4
83	6	6
84	6	6
85	6	6
86	6	6
87	6	6
88	6	6
89	6	6
90	6	6
91	6	6
92	4	4
93	4	4
94	4	4
95	4	4
96	4	4
97	6	6
98	0	0
99	6	6
100	2	2
101	6	6
102	2	2
103	6	6
104	6	6
105	2	2
106	2	2
107	2	2
108	2	2
109	2	2
110	6	6
111	6	6
112	6	6
113	6	6
114	6	6
115	4	4
116	4	4
117	4	4
118	4	4
119	4	4
120	4	4
121	4	4
122	4	4
123	4	4
124	4	4
125	4	4
126	4	4
127	4	4
128	4	4
129	4	4
130	4	4
131	6	6
132	6	6
133	0	0
134	6	6
135	2	2
136	2	2
137	2	2
138	2	2
139	2	2
140	2	2
141	2	2
142	2	2
143	2	2
144	2	2
145	2	2
146	2	2
147	2	2
148	3	3
149	4	4
150	4	4
151	3	3
152	4	4
153	4	4
154	4	4
155	4	4
156	4	4
157	4	4
158	4	4
159	4	4
160	4	4
161	4	4
162	4	4
163	4	4
164	4	4
165	4	4
166	6	6
167	2	2
168	6	6
169	2	2
170	2	2
171	2	2
172	2	2
173	6	6
174	6	6
175	6	6
176	2	2
177	2	2
178	6	6
179	2	2
180	2	2
181	2	2
182	5	5
183	5	5
184	6	6
185	5	5
186	5	5
187	5	5
188	5	5
189	6	6
190	6	6
191	5	5
192	5	5
193	6	6
194	5	5
195	5	5
196	5	5
197	5	5
198	5	5
199	0	0
200	6	6
201	6	6
202	1	1
203	1	1
204	1	1
205	6	6
206	6	6
207	1	1
208	1	1
209	0	0
210	1	1
211	2	2
212	2	2
213	2	2
214	2	2
215	6	6
216	6	6
217	6	6
218	6	6
219	6	6
220	6	6
221	6	6
222	2	2
223	6	6
224	2	2
225	2	2
226	6	6
227	6	6
228	1	1
229	2	2
230	2	2
231	2	2
232	2	2
233	2	2
234	2	2
235	2	2
236	2	2
237	2	2
238	2	2
239	2	2
240	2	2
241	2	2
242	2	2
243	3	3
244	2	2
245	2	2
246	3	3
247	2	2
248	2	2
249	4	4
250	2	2
251	6	6
252	3	3
253	6	6
254	6	6
255	6	6
256	6	6
257	6	6
258	6	6
259	6	6
260	6	6
261	6	6
262	6	6
263	6	6
264	6	6
265	6	6
266	6	6
267	1	1
268	6	6
269	1	1
270	1	1
271	0	0
272	2	2
273	2	2
274	2	2
275	2	2
276	2	2
277	2	2
278	6	6
279	2	2
280	6	6
281	6	6
282	3	3
283	2	2
284	6	6
285	6	6
286	6	6
287	6	6
288	6	6
289	6	6
290	6	6
291	6	6
292	6	6
293	6	6
294	6	6
295	6	6
296	6	6
297	2	2
298	2	2
299	2	2
300	6	6
301	6	6
302	1	1
303	2	2
304	2	2
305	6	6
306	2	2
307	1	1
308	0	0
309	1	1
310	2	2
311	6	6
312	2	2
313	6	6
314	6	6
315	6	6
316	6	6
317	6	6
318	6	6
319	6	6
320	6	6
321	6	6
322	6	6
323	6	6
324	6	6
325	6	6
326	6	6
327	6	6
328	6	6
329	6	6
330	6	6
331	6	6
332	6	6
333	6	6
334	6	6
335	6	6
336	6	6
337	6	6
338	6	6
339	6	6
340	6	6
341	6	6
342	6	6
343	6	6
344	6	6
345	0	0
346	0	0
347	6	6
348	1	1
349	1	1
350	2	2
351	2	2
352	5	5
353	5	5
354	5	5
355	5	5
356	6	6
357	6	6
358	6	6
359	6	6
360	5	5
361	6	6
362	6	6
363	5	5
364	5	5
365	5	5
366	6	6
367	5	5
368	6	6
369	5	5
370	5	5
371	5	5
372	6	6
373	5	5
374	5	5
375	5	5
376	5	5
377	5	5
378	5	5
379	5	5
380	5	5
381	5	5
382	6	6
383	6	6
384	1	1
385	1	1
386	1	1
387	2	2
388	2	2
389	6	6
390	6	6
391	6	6
392	6	6
393	6	6
394	6	6
395	6	6
396	6	6
397	6	6
398	6	6
399	6	6
400	6	6
401	6	6
402	6	6
403	6	6
404	6	6
405	6	6
406	6	6
407	6	6
408	6	6
409	6	6
410	6	6
411	6	6
412	6	6
413	6	6
414	6	6
415	6	6
416	6	6
417	6	6
418	6	6
419	6	6
420	6	6
421	6	6
422	6	6
423	6	6
424	6	6
425	6	6
426	6	6
427	6	6
428	6	6
429	6	6
430	6	6
431	6	6
432	6	6
433	6	6
434	6	6
435	6	6
436	6	6
437	6	6
438	6	6
439	6	6
440	1	1
441	1	1
442	2	2
443	2	2
444	2	2
445	2	2
446	2	2
447	2	2
448	1	1
449	2	2
450	2	2
451	6	6
452	2	2
453	2	2
454	1	1
455	1	1
456	2	2
457	6	6
458	2	2
459	5	5
460	2	2
461	5	5
462	5	5
463	5	5
464	5	5
465	5	5
466	5	5
467	5	5
468	5	5
469	5	5
470	5	5
471	6	6
472	6	6
473	6	6
474	6	6
475	2	2
476	5	5
477	5	5
478	5	5
479	5	5
480	5	5
481	5	5
482	5	5
483	6	6
484	5	5
485	5	5
486	5	5
487	5	5
488	5	5
489	5	5
490	6	6
491	6	6
492	6	6
493	6	6
494	6	6
495	6	6
496	5	5
497	5	5
498	6	6
499	5	5
500	6	6
501	5	5
502	6	6
503	6	6
504	6	6
505	6	6
506	1	1
507	1	1
508	7	7
509	7	7
510	7	7
511	6	6
512	6	6
513	0	0
514	1	1
515	1	1
516	1	1
517	1	1
518	1	1
519	1	1
520	1	1
521	6	6
522	6	6
523	0	0
524	1	1
525	0	0
526	1	1
527	1	1
528	1	1
529	1	1
530	1	1
531	1	1
532	1	1
533	6	6
534	6	6
535	1	1
536	6	6
537	1	1
538	1	1
539	2	2
540	1	1
541	2	2
542	2	2
543	2	2
544	0	0
545	6	6
546	1	1
547	2	2
548	1	1
549	2	2
550	2	2
551	1	1
552	1	1
553	2	2
554	2	2
555	2	2
556	2	2
557	2	2
558	2	2
559	2	2
560	2	2
561	2	2
562	2	2
563	2	2
564	6	6
565	2	2
566	2	2
567	2	2
568	2	2
569	2	2
570	6	6
571	2	2
572	2	2
573	2	2
574	2	2
575	2	2
576	2	2
577	2	2
578	2	2
579	2	2
580	3	3
581	3	3
582	3	3
583	3	3
584	6	6
585	6	6
586	3	3
587	2	2
588	3	3
589	4	4
590	2	2
591	3	3
592	4	4
593	4	4
594	4	4
595	4	4
596	6	6
597	6	6
598	6	6
599	6	6
600	6	6
601	6	6
602	6	6
603	1	1
604	2	2
605	2	2
606	2	2
607	2	2
608	2	2
609	2	2
610	2	2
611	2	2
612	2	2
613	2	2
614	2	2
615	2	2
616	6	6
617	6	6
618	2	2
619	2	2
620	2	2
621	6	6
622	2	2
623	6	6
624	3	3
625	6	6
626	6	6
627	6	6
628	6	6
629	2	2
630	6	6
631	6	6
632	6	6
633	6	6
634	6	6
635	6	6
636	6	6
637	6	6
638	6	6
639	6	6
640	6	6
641	0	0
642	6	6
643	6	6
644	6	6
645	6	6
646	6	6
647	6	6
648	6	6
649	6	6
650	2	2
651	2	2
652	2	2
653	5	5
654	5	5
655	5	5
656	5	5
657	5	5
658	5	5
659	5	5
660	6	6
661	6	6
662	5	5
663	5	5
664	6	6
665	6	6
666	6	6
667	6	6
668	6	6
669	6	6
670	6	6
671	6	6
672	5	5
673	6	6
674	5	5
675	6	6
676	6	6
677	6	6
678	6	6
679	6	6
680	5	5
681	6	6
682	6	6
683	6	6
684	6	6
685	6	6
686	6	6
687	5	5
688	6	6
689	6	6
690	5	5
691	6	6
692	6	6
693	6	6
694	6	6
695	6	6
696	6	6
697	5	5
698	6	6
699	6	6
700	6	6
701	5	5
702	6	6
703	6	6
704	1	1
705	7	7
706	7	7
707	6	6
708	0	0
709	6	6
710	6	6
711	6	6
712	0	0
713	6	6
714	6	6
715	1	1
716	6	6
717	2	2
718	2	2
719	2	2
720	2	2
721	6	6
722	2	2
723	6	6
724	6	6
725	2	2
726	2	2
727	2	2
728	2	2
729	6	6
730	2	2
731	2	2
732	2	2
733	6	6
734	2	2
735	2	2
736	2	2
737	6	6
738	6	6
739	6	6
740	6	6
741	6	6
742	0	0
743	1	1
744	0	0
745	0	0
746	0	0
747	1	1
748	0	0
749	1	1
750	1	1
751	2	2
752	2	2
753	6	6
754	2	2
755	2	2
756	6	6
757	2	2
758	2	2
759	6	6
760	6	6
761	2	2
762	6	6
763	2	2
764	6	6
765	6	6
766	6	6
767	6	6
768	1	1
769	0	0
770	1	1
771	2	2
772	6	6
773	6	6
774	0	0
775	0	0
776	1	1
777	1	1
778	2	2
779	2	2
780	2	2
781	2	2
782	2	2
783	2	2
784	2	2
785	6	6
786	6	6
787	6	6
788	6	6
789	6	6
790	6	6
791	6	6
792	6	6
793	2	2
794	2	2
795	2	2
796	2	2
797	2	2
798	2	2
799	2	2
800	2	2
801	2	2
802	2	2
803	1	1
804	0	0
805	6	6
806	6	6
807	6	6
808	6	6
809	1	1
810	2	2
811	2	2
812	2	2
813	2	2
814	2	2
815	2	2
816	2	2
817	2	2
818	2	2
819	2	2
820	2	2
821	2	2
822	2	2
823	2	2
824	2	2
825	7	7
