1	6	6
2	6	6
3	0	0
4	0	0
5	6	6
6	6	6
7	0	0
8	6	6
9	6	6
10	6	6
11	1	1
12	6	6
13	6	6
14	1	1
15	1	1
16	2	2
17	2	2
18	2	2
19	2	2
20	6	6
21	2	2
22	2	2
23	2	2
24	2	2
25	2	2
26	2	2
27	2	2
28	2	2
29	2	2
30	2	2
31	2	2
32	2	2
33	2	2
34	2	2
35	2	2
36	2	2
37	2	2
38	2	2
39	2	2
40	2	2
41	2	2
42	3	3
43	3	3
44	3	3
45	3	3
46	3	3
47	4	4
48	3	3
49	3	3
50	4	4
51	4	4
52	4	4
53	4	4
54	4	4
55	4	4
56	4	4
57	4	4
58	4	4
59	4	4
60	4	4
61	4	4
62	4	4
63	3	3
64	4	4
65	4	4
66	4	4
67	3	3
68	4	4
69	4	4
70	4	4
71	4	4
72	4	4
73	4	4
74	4	4
75	4	4
76	3	3
77	4	4
78	4	4
79	4	4
80	4	4
81	4	4
82	4	4
83	4	4
84	4	4
85	4	4
86	4	4
87	4	4
88	4	4
89	4	4
90	4	4
91	4	4
92	4	4
93	4	4
94	4	4
95	4	4
96	3	3
97	4	4
98	4	4
99	3	3
100	4	4
101	4	4
102	3	3
103	3	3
104	3	3
105	3	3
106	4	4
107	4	4
108	4	4
109	4	4
110	4	4
111	3	3
112	3	3
113	3	3
114	3	3
115	4	4
116	3	3
117	4	4
118	4	4
119	3	3
120	3	3
121	6	6
122	3	3
123	3	3
124	3	3
125	2	2
126	2	2
127	6	6
128	6	6
129	6	6
130	1	1
131	2	2
132	2	2
133	2	2
134	2	2
135	2	2
136	2	2
137	2	2
138	2	2
139	2	2
140	2	2
141	2	2
142	2	2
143	6	6
144	2	2
145	2	2
146	2	2
147	2	2
148	2	2
149	5	5
150	5	5
151	5	5
152	5	5
153	5	5
154	5	5
155	5	5
156	5	5
157	5	5
158	5	5
159	2	2
160	5	5
161	5	5
162	2	2
163	2	2
164	6	6
165	2	2
166	2	2
167	2	2
168	2	2
169	6	6
170	2	2
171	2	2
172	1	1
173	2	2
174	2	2
175	2	2
176	2	2
177	6	6
178	6	6
179	2	2
180	2	2
181	2	2
182	2	2
183	2	2
184	2	2
185	2	2
186	2	2
187	2	2
188	2	2
189	2	2
190	2	2
191	2	2
192	2	2
193	2	2
194	3	3
195	2	2
196	2	2
197	2	2
198	6	6
199	2	2
200	3	3
201	3	3
202	3	3
203	3	3
204	3	3
205	3	3
206	3	3
207	6	6
208	2	2
209	3	3
210	2	2
211	2	2
212	3	3
213	3	3
214	3	3
215	2	2
216	2	2
217	2	2
218	3	3
219	4	4
220	3	3
221	2	2
222	3	3
223	3	3
224	4	4
225	4	4
226	3	3
227	4	4
228	4	4
229	4	4
230	6	6
231	6	6
232	6	6
233	6	6
234	6	6
235	6	6
236	6	6
237	2	2
238	2	2
239	2	2
240	2	2
241	2	2
242	2	2
243	2	2
244	2	2
245	2	2
246	2	2
247	2	2
248	2	2
249	2	2
250	2	2
251	2	2
252	2	2
253	3	3
254	3	3
255	2	2
256	4	4
257	2	2
258	2	2
259	4	4
260	2	2
261	3	3
262	2	2
263	3	3
264	2	2
265	3	3
266	4	4
267	3	3
268	6	6
269	6	6
270	4	4
271	3	3
272	3	3
273	4	4
274	4	4
275	3	3
276	4	4
277	4	4
278	4	4
279	4	4
280	4	4
281	4	4
282	4	4
283	4	4
284	4	4
285	4	4
286	4	4
287	3	3
288	4	4
289	4	4
290	3	3
291	3	3
292	2	2
293	4	4
294	3	3
295	4	4
296	4	4
297	4	4
298	6	6
299	4	4
300	4	4
301	4	4
302	4	4
303	4	4
304	3	3
305	3	3
306	4	4
307	4	4
308	4	4
309	3	3
310	3	3
311	4	4
312	4	4
313	3	3
314	4	4
315	4	4
316	4	4
317	4	4
318	4	4
319	3	3
320	3	3
321	3	3
322	4	4
323	3	3
324	6	6
325	6	6
326	6	6
327	6	6
328	6	6
329	2	2
330	6	6
331	2	2
332	2	2
333	2	2
334	2	2
335	2	2
336	5	5
337	5	5
338	5	5
339	5	5
340	5	5
341	5	5
342	5	5
343	5	5
344	6	6
345	5	5
346	5	5
347	6	6
348	6	6
349	6	6
350	6	6
351	5	5
352	6	6
353	5	5
354	5	5
355	6	6
356	5	5
357	6	6
358	6	6
359	5	5
360	5	5
361	5	5
362	5	5
363	5	5
364	6	6
365	5	5
366	5	5
367	5	5
368	6	6
369	5	5
370	5	5
371	5	5
372	5	5
373	5	5
374	5	5
375	2	2
376	2	2
377	2	2
378	2	2
379	2	2
380	2	2
381	2	2
382	6	6
383	2	2
384	2	2
385	2	2
386	2	2
387	2	2
388	2	2
389	2	2
390	2	2
391	2	2
392	1	1
393	1	1
394	1	1
395	2	2
396	2	2
397	2	2
398	2	2
399	2	2
400	2	2
401	2	2
402	2	2
403	2	2
404	2	2
405	2	2
406	2	2
407	6	6
408	2	2
409	2	2
410	2	2
411	2	2
412	2	2
413	2	2
414	2	2
415	2	2
416	2	2
417	2	2
418	2	2
419	6	6
420	2	2
421	2	2
422	2	2
423	2	2
424	2	2
425	2	2
426	2	2
427	2	2
428	2	2
429	2	2
430	2	2
431	2	2
432	6	6
433	2	2
434	2	2
435	2	2
436	2	2
437	2	2
438	2	2
439	2	2
440	2	2
441	2	2
442	2	2
443	2	2
444	6	6
445	2	2
446	2	2
447	2	2
448	2	2
449	2	2
450	2	2
451	2	2
452	2	2
453	2	2
454	2	2
455	2	2
456	2	2
457	2	2
458	2	2
459	6	6
460	2	2
461	2	2
462	2	2
463	2	2
464	2	2
465	2	2
466	2	2
467	2	2
468	2	2
469	2	2
470	2	2
471	2	2
472	2	2
473	3	3
474	2	2
475	2	2
476	3	3
477	2	2
478	3	3
479	6	6
480	6	6
481	6	6
482	6	6
483	6	6
484	6	6
485	6	6
486	6	6
487	1	1
488	6	6
489	1	1
490	2	2
491	2	2
492	2	2
493	6	6
494	2	2
495	2	2
496	2	2
497	2	2
498	2	2
499	1	1
500	6	6
501	1	1
502	1	1
503	2	2
504	5	5
505	6	6
506	6	6
507	6	6
508	6	6
509	6	6
510	6	6
511	6	6
512	5	5
513	5	5
514	5	5
515	6	6
516	5	5
517	5	5
518	6	6
519	6	6
520	6	6
521	5	5
522	5	5
523	5	5
524	5	5
525	6	6
526	6	6
527	6	6
528	5	5
529	5	5
530	6	6
531	5	5
532	6	6
533	5	5
534	5	5
535	6	6
536	5	5
537	5	5
538	5	5
539	5	5
540	5	5
541	5	5
542	5	5
543	6	6
544	6	6
545	6	6
546	5	5
547	5	5
548	6	6
549	6	6
550	6	6
551	6	6
552	6	6
553	6	6
554	6	6
555	6	6
556	6	6
557	5	5
558	0	0
559	1	1
560	5	5
561	5	5
562	5	5
563	5	5
564	6	6
565	6	6
566	6	6
567	1	1
568	2	2
569	1	1
570	2	2
571	6	6
572	2	2
573	6	6
574	2	2
575	6	6
576	1	1
577	2	2
578	2	2
579	2	2
580	2	2
581	2	2
582	2	2
583	2	2
584	2	2
585	6	6
586	1	1
587	6	6
588	1	1
589	6	6
590	2	2
591	6	6
592	2	2
593	2	2
594	2	2
595	6	6
596	2	2
597	2	2
598	2	2
599	2	2
600	6	6
601	6	6
602	2	2
603	6	6
604	2	2
605	2	2
606	2	2
607	2	2
608	2	2
609	2	2
610	2	2
611	6	6
612	6	6
613	0	0
614	6	6
615	6	6
616	6	6
617	6	6
618	6	6
619	6	6
620	6	6
621	6	6
622	6	6
623	6	6
624	6	6
625	6	6
626	6	6
627	2	2
628	2	2
629	2	2
630	2	2
631	2	2
632	2	2
633	6	6
634	2	2
635	2	2
636	2	2
637	2	2
638	2	2
639	6	6
640	2	2
641	2	2
642	0	0
643	6	6
644	2	2
645	2	2
646	2	2
647	2	2
648	6	6
649	6	6
650	6	6
651	2	2
652	2	2
653	6	6
654	6	6
655	6	6
656	0	0
657	2	2
658	2	2
659	2	2
660	2	2
661	6	6
662	1	1
663	2	2
664	2	2
665	2	2
666	2	2
667	2	2
668	2	2
669	2	2
670	2	2
671	2	2
672	2	2
673	1	1
674	6	6
675	6	6
676	6	6
677	6	6
678	0	0
679	6	6
680	6	6
681	6	6
682	6	6
683	2	2
684	2	2
685	2	2
686	6	6
687	6	6
688	6	6
689	6	6
690	0	0
691	6	6
692	6	6
693	1	1
694	6	6
695	6	6
696	1	1
697	1	1
698	2	2
699	2	2
700	2	2
701	2	2
702	2	2
703	2	2
704	6	6
705	1	1
706	6	6
707	5	5
708	5	5
709	5	5
710	6	6
711	5	5
712	6	6
713	6	6
714	5	5
715	5	5
716	5	5
717	5	5
718	6	6
719	6	6
720	5	5
721	5	5
722	5	5
723	5	5
724	6	6
725	5	5
726	6	6
727	6	6
728	6	6
729	6	6
730	6	6
731	5	5
732	5	5
733	6	6
734	6	6
735	6	6
736	1	1
737	6	6
738	1	1
739	1	1
740	5	5
741	5	5
742	5	5
743	5	5
744	6	6
745	6	6
746	6	6
747	5	5
748	5	5
749	5	5
750	6	6
751	6	6
752	5	5
753	6	6
754	5	5
755	5	5
756	6	6
757	5	5
758	6	6
759	6	6
760	5	5
761	6	6
762	0	0
763	1	1
764	1	1
765	6	6
766	6	6
767	6	6
768	1	1
769	1	1
770	1	1
771	1	1
772	6	6
773	6	6
774	1	1
775	1	1
776	1	1
777	1	1
778	1	1
779	6	6
780	6	6
781	6	6
782	6	6
783	1	1
784	6	6
785	6	6
786	6	6
787	6	6
788	6	6
789	6	6
790	6	6
791	6	6
792	6	6
793	6	6
794	1	1
795	2	2
796	6	6
797	6	6
798	2	2
799	2	2
800	2	2
801	6	6
802	6	6
803	6	6
804	6	6
805	6	6
806	6	6
807	6	6
808	6	6
809	6	6
810	6	6
811	6	6
812	6	6
813	6	6
814	6	6
815	6	6
816	6	6
817	6	6
818	6	6
819	6	6
820	6	6
821	6	6
822	6	6
823	6	6
824	6	6
