1	6	6
2	6	6
3	6	6
4	0	0
5	6	6
6	6	6
7	6	6
8	6	6
9	6	6
10	6	6
11	0	0
12	6	6
13	6	6
14	1	1
15	1	1
16	6	6
17	1	1
18	6	6
19	6	6
20	6	6
21	6	6
22	6	6
23	6	6
24	2	2
25	2	2
26	2	2
27	6	6
28	6	6
29	6	6
30	6	6
31	6	6
32	2	2
33	2	2
34	6	6
35	6	6
36	6	6
37	6	6
38	6	6
39	6	6
40	2	2
41	2	2
42	2	2
43	2	2
44	6	6
45	6	6
46	6	6
47	6	6
48	6	6
49	6	6
50	6	6
51	6	6
52	6	6
53	4	4
54	6	6
55	6	6
56	3	3
57	6	6
58	4	4
59	4	4
60	6	6
61	6	6
62	6	6
63	6	6
64	6	6
65	2	2
66	2	2
67	6	6
68	3	3
69	6	6
70	3	3
71	6	6
72	6	6
73	4	4
74	4	4
75	6	6
76	4	4
77	4	4
78	6	6
79	6	6
80	6	6
81	6	6
82	6	6
83	6	6
84	6	6
85	6	6
86	3	3
87	6	6
88	6	6
89	6	6
90	6	6
91	6	6
92	6	6
93	6	6
94	6	6
95	6	6
96	6	6
97	4	4
98	6	6
99	6	6
100	6	6
101	6	6
102	6	6
103	4	4
104	6	6
105	6	6
106	6	6
107	6	6
108	6	6
109	2	2
110	2	2
111	6	6
112	2	2
113	2	2
114	6	6
115	6	6
116	6	6
117	6	6
118	2	2
119	6	6
120	2	2
121	2	2
122	2	2
123	2	2
124	6	6
125	2	2
126	2	2
127	2	2
128	2	2
129	2	2
130	6	6
131	6	6
132	6	6
133	6	6
134	2	2
135	6	6
136	6	6
137	2	2
138	2	2
139	2	2
140	2	2
141	2	2
142	2	2
143	6	6
144	2	2
145	6	6
146	2	2
147	6	6
148	2	2
149	6	6
150	6	6
151	2	2
152	2	2
153	6	6
154	2	2
155	2	2
156	6	6
157	6	6
158	6	6
159	2	2
160	6	6
161	6	6
162	2	2
163	6	6
164	6	6
165	2	2
166	6	6
167	6	6
168	2	2
169	6	6
170	2	2
171	2	2
172	2	2
173	2	2
174	2	2
175	6	6
176	6	6
177	2	2
178	3	3
179	2	2
180	2	2
181	6	6
182	6	6
183	6	6
184	6	6
185	2	2
186	2	2
187	2	2
188	2	2
189	3	3
190	2	2
191	6	6
192	2	2
193	2	2
194	5	5
195	5	5
196	6	6
197	5	5
198	5	5
199	6	6
200	6	6
201	5	5
202	6	6
203	6	6
204	6	6
205	6	6
206	5	5
207	5	5
208	6	6
209	6	6
210	6	6
211	5	5
212	5	5
213	6	6
214	6	6
215	1	1
216	2	2
217	2	2
218	2	2
219	6	6
220	6	6
221	5	5
222	5	5
223	5	5
224	6	6
225	5	5
226	5	5
227	6	6
228	6	6
229	6	6
230	5	5
231	6	6
232	6	6
233	2	2
234	2	2
235	2	2
236	6	6
237	2	2
238	5	5
239	5	5
240	5	5
241	5	5
242	5	5
243	6	6
244	6	6
245	6	6
246	6	6
247	2	2
248	2	2
249	2	2
250	2	2
251	2	2
252	1	1
253	1	1
254	1	1
255	6	6
256	1	1
257	1	1
258	1	1
259	2	2
260	2	2
261	2	2
262	2	2
263	2	2
264	2	2
265	2	2
266	6	6
267	6	6
268	2	2
269	2	2
270	2	2
271	2	2
272	6	6
273	6	6
274	2	2
275	2	2
276	6	6
277	2	2
278	2	2
279	6	6
280	2	2
281	6	6
282	3	3
283	2	2
284	2	2
285	3	3
286	6	6
287	3	3
288	6	6
289	3	3
290	4	4
291	4	4
292	6	6
293	4	4
294	4	4
295	6	6
296	6	6
297	4	4
298	6	6
299	6	6
300	6	6
301	6	6
302	6	6
303	4	4
304	6	6
305	4	4
306	6	6
307	6	6
308	3	3
309	6	6
310	4	4
311	6	6
312	6	6
313	4	4
314	6	6
315	6	6
316	6	6
317	6	6
318	4	4
319	4	4
320	6	6
321	4	4
322	6	6
323	6	6
324	4	4
325	6	6
326	2	2
327	6	6
328	6	6
329	0	0
330	6	6
331	1	1
332	1	1
333	1	1
334	6	6
335	2	2
336	2	2
337	6	6
338	1	1
339	6	6
340	6	6
341	6	6
342	6	6
343	6	6
344	6	6
345	6	6
346	6	6
347	2	2
348	6	6
349	2	2
350	6	6
351	6	6
352	6	6
353	6	6
354	6	6
355	6	6
356	6	6
357	6	6
358	6	6
359	6	2
360	6	2
361	6	2
362	6	2
363	6	2
364	6	3
365	6	2
366	6	2
367	6	2
368	6	2
369	6	2
370	6	2
371	6	2
372	6	2
373	6	2
374	6	2
375	6	6
376	6	2
377	6	2
378	6	2
379	6	2
380	6	2
381	6	2
382	6	2
383	6	2
384	6	2
385	6	3
386	6	2
387	6	3
388	6	6
389	6	1
390	6	2
391	6	6
392	6	6
393	6	6
394	6	1
395	6	0
396	6	1
397	6	2
398	6	0
399	6	2
400	6	2
401	6	1
402	6	2
403	6	2
404	6	2
405	6	2
406	6	5
407	6	5
408	6	5
409	6	5
410	6	5
411	6	6
412	6	5
413	6	5
414	6	5
415	6	6
416	6	6
417	6	5
418	6	5
419	6	5
420	6	5
421	6	5
422	6	5
423	6	6
424	6	5
425	6	6
426	6	6
427	6	5
428	6	6
429	6	5
430	6	5
431	6	5
432	6	6
433	6	6
434	6	1
435	6	1
436	6	1
437	6	6
438	6	6
439	6	5
440	6	5
441	6	5
442	6	5
443	6	5
444	6	6
445	6	5
446	6	6
447	6	5
448	6	6
449	6	6
450	6	1
451	6	1
452	6	1
453	6	6
454	6	6
455	6	6
456	6	6
457	6	0
458	6	0
459	6	6
460	6	6
461	6	6
462	6	6
463	6	0
464	6	0
465	6	6
466	6	6
467	6	6
468	6	6
469	6	1
470	6	1
471	6	6
472	6	6
473	6	0
474	6	0
475	6	0
476	6	1
477	6	0
478	6	1
479	6	1
480	6	1
481	6	1
482	6	1
483	6	6
484	6	0
485	6	1
486	6	1
487	6	1
488	6	1
489	6	1
490	6	1
491	6	1
492	6	1
493	6	2
494	6	2
495	6	2
496	6	2
497	6	2
498	6	6
499	6	6
500	6	1
501	6	1
502	6	1
503	6	1
504	6	1
505	6	6
506	6	6
507	6	6
508	6	6
509	6	1
510	6	2
511	6	2
512	6	2
513	6	2
514	6	6
515	6	6
516	6	2
517	6	2
518	6	2
519	6	2
520	6	2
521	6	2
522	6	2
523	6	2
524	6	1
525	6	6
526	6	6
527	6	2
528	6	2
529	2	2
530	2	2
531	2	2
532	2	2
533	2	2
534	2	2
535	2	2
536	2	2
537	2	2
538	2	2
539	2	2
540	2	2
541	2	2
542	2	2
543	2	2
544	2	2
545	2	2
546	2	2
547	2	2
548	2	2
549	2	2
550	2	2
551	2	2
552	2	2
553	2	2
554	6	6
555	6	6
556	6	2
557	6	2
558	6	2
559	6	2
560	6	2
561	6	2
562	6	2
563	6	2
564	6	6
565	6	1
566	6	1
567	6	2
568	6	2
569	6	2
570	6	2
571	6	2
572	6	2
573	6	2
574	6	2
575	6	2
576	6	2
577	6	2
578	6	2
579	6	2
580	6	2
581	6	2
582	6	2
583	6	6
584	6	2
585	6	2
586	6	2
587	6	2
588	6	5
589	6	5
590	6	5
591	6	5
592	6	5
593	6	5
594	6	5
595	6	5
596	6	5
597	6	5
598	6	5
599	6	6
600	6	5
601	6	6
602	6	5
603	6	5
604	6	5
605	6	6
606	6	5
607	6	5
608	6	5
609	6	6
610	6	6
611	6	5
612	6	5
613	6	5
614	6	5
615	6	5
616	6	5
617	6	6
618	6	5
619	6	6
620	6	6
621	6	5
622	6	5
623	6	6
624	6	5
625	6	5
626	6	5
627	6	5
628	6	6
629	6	6
630	6	1
631	6	6
632	6	1
633	6	1
634	6	1
635	6	6
636	6	1
637	6	1
638	6	1
639	6	6
640	6	1
641	6	1
642	6	1
643	6	1
644	6	1
645	6	1
646	6	6
647	6	6
648	6	6
649	6	6
650	6	1
651	6	6
652	6	1
653	6	1
654	6	2
655	6	2
656	6	2
657	6	2
658	6	6
659	6	2
660	6	2
661	6	2
662	6	2
663	6	2
664	6	2
665	6	2
666	6	2
667	6	2
668	6	2
669	6	2
670	6	2
671	6	2
672	6	2
673	6	2
674	6	2
675	6	2
676	6	2
677	6	2
678	6	2
679	6	2
680	6	2
681	6	2
682	6	2
683	6	2
684	6	2
685	6	2
686	6	3
687	6	2
688	6	2
689	6	6
690	6	2
691	6	2
692	6	3
693	6	2
694	6	3
695	6	2
696	6	6
697	6	2
698	6	2
699	6	2
700	6	2
701	6	2
702	6	6
703	6	6
704	6	7
705	6	2
706	6	2
707	6	2
708	6	2
709	6	2
710	6	2
711	6	2
712	6	2
713	6	6
714	6	6
715	6	2
716	6	2
717	6	2
718	6	2
719	6	2
720	6	2
721	6	2
722	6	2
723	6	2
724	6	2
725	6	2
726	6	2
727	6	2
728	6	2
729	6	2
730	6	2
731	6	2
732	6	2
733	6	2
734	6	2
735	6	2
736	6	2
737	6	2
738	6	2
739	6	2
740	6	2
741	6	2
742	6	2
743	6	2
744	6	6
745	6	6
746	6	6
747	6	2
748	6	2
749	6	2
750	6	2
751	6	2
752	6	2
753	6	2
754	6	2
755	6	2
756	6	2
757	6	2
758	6	6
759	6	2
760	6	2
761	6	6
762	6	6
763	6	2
764	6	1
765	6	6
766	6	1
767	6	6
768	6	6
769	6	1
770	6	6
771	6	6
772	6	1
773	6	6
774	6	6
775	6	6
776	6	1
777	6	6
778	6	6
779	6	6
780	6	6
781	6	1
782	6	6
783	6	6
784	6	6
785	6	2
786	6	5
787	6	5
788	6	5
789	6	5
790	6	6
791	6	6
792	6	6
793	6	5
794	6	6
795	6	6
796	6	6
797	6	6
798	6	5
799	6	5
800	6	5
801	6	5
802	6	5
803	6	6
804	6	5
805	6	5
806	6	5
807	6	5
808	6	5
809	6	5
810	6	5
811	6	5
812	6	6
813	6	6
814	6	6
815	6	6
816	6	6
817	6	6
818	6	1
819	6	1
820	6	6
821	6	2
822	6	6
823	6	2
824	6	2
825	6	2
826	6	2
827	6	2
828	6	2
829	6	2
830	6	2
831	6	2
832	6	2
833	6	2
834	6	2
835	6	2
836	6	2
837	6	6
838	6	2
839	6	2
840	6	2
841	6	2
842	6	2
843	6	2
844	6	2
845	6	2
846	6	2
847	6	2
848	6	2
849	6	2
850	6	2
851	6	2
852	6	2
853	6	2
854	6	2
855	6	2
856	6	2
857	6	2
858	6	2
859	6	2
860	6	2
861	6	2
862	6	2
863	6	2
864	6	2
865	6	2
866	6	2
867	6	2
868	6	2
869	6	2
870	6	2
871	6	2
872	6	2
873	6	2
874	6	2
875	6	2
876	6	2
877	6	2
878	6	2
879	6	6
880	6	6
881	6	6
882	6	0
883	6	1
884	6	2
885	6	6
886	6	2
887	6	2
888	6	2
889	6	2
890	6	2
891	6	2
892	6	2
893	6	2
894	6	6
895	6	6
896	6	2
897	6	2
898	6	2
899	6	1
