1	6	0
2	6	0
3	6	0
4	6	0
5	6	6
6	6	6
7	6	6
8	6	6
9	6	6
10	6	6
11	6	6
12	6	6
13	6	6
14	6	6
15	6	6
16	6	6
17	6	6
18	6	6
19	0	0
20	0	0
21	1	1
22	1	1
23	1	1
24	1	1
25	1	1
26	2	2
27	2	2
28	2	2
29	2	2
30	2	2
31	6	1
32	6	2
33	6	6
34	6	2
35	1	1
36	2	2
37	2	2
38	2	2
39	6	2
40	6	2
41	2	2
42	6	2
43	6	2
44	6	2
45	6	2
46	6	2
47	6	2
48	6	2
49	6	2
50	6	3
51	6	3
52	6	3
53	6	3
54	6	3
55	6	3
56	6	3
57	6	6
58	6	6
59	6	0
60	6	6
61	6	1
62	1	1
63	6	1
64	1	1
65	6	2
66	6	2
67	6	2
68	6	2
69	6	2
70	6	2
71	6	2
72	6	2
73	6	3
74	6	3
75	6	3
76	6	4
77	6	4
78	6	4
79	6	4
80	6	4
81	6	4
82	6	2
83	6	4
84	6	4
85	6	4
86	6	4
87	6	4
88	6	4
89	6	4
90	6	4
91	6	4
92	6	4
93	6	4
94	6	4
95	6	4
96	6	4
97	6	4
98	6	4
99	6	4
100	6	4
101	6	4
102	6	4
103	6	4
104	6	4
105	6	4
106	6	4
107	6	4
108	6	4
109	6	4
110	6	4
111	6	4
112	6	4
113	6	4
114	6	4
115	6	4
116	6	4
117	6	4
118	6	4
119	6	4
120	6	4
121	6	4
122	6	4
123	6	6
124	6	6
125	6	0
126	6	6
127	1	1
128	1	1
129	2	2
130	2	2
131	6	2
132	2	2
133	2	2
134	2	2
135	2	2
136	2	2
137	2	2
138	2	2
139	2	2
140	6	2
141	3	3
142	2	2
143	2	2
144	6	3
145	2	2
146	2	2
147	2	2
148	2	2
149	2	2
150	2	2
151	1	1
152	1	1
153	1	1
154	6	6
155	6	1
156	1	1
157	2	2
158	2	2
159	2	2
160	6	2
161	1	1
162	1	1
163	2	2
164	2	2
165	5	5
166	6	5
167	6	5
168	5	5
169	6	5
170	5	5
171	5	5
172	5	5
173	6	5
174	6	6
175	5	5
176	6	5
177	5	5
178	5	5
179	6	6
180	5	5
181	5	5
182	5	5
183	5	5
184	6	5
185	6	6
186	1	1
187	6	1
188	1	1
189	1	1
190	2	2
191	2	2
192	2	2
193	2	2
194	2	2
195	6	2
196	6	2
197	6	2
198	6	6
199	6	1
200	6	1
201	2	2
202	2	2
203	2	2
204	6	2
205	6	0
206	2	2
207	2	2
208	6	2
209	6	2
210	2	2
211	6	2
212	6	6
213	6	2
214	2	2
215	6	3
216	6	3
217	2	2
218	3	3
219	6	3
220	6	2
221	6	3
222	6	4
223	6	3
224	6	3
225	6	4
226	4	4
227	6	4
228	6	3
229	6	6
230	1	1
231	6	0
232	6	6
233	6	6
234	0	0
235	0	0
236	6	0
237	6	0
238	6	6
239	6	1
240	1	1
241	2	2
242	2	2
243	2	2
244	2	2
245	2	2
246	2	2
247	2	2
248	2	2
249	2	2
250	2	2
251	2	2
252	2	2
253	2	2
254	6	2
255	6	2
256	6	2
257	3	3
258	6	3
259	6	3
260	6	3
261	3	3
262	3	3
263	4	4
264	4	4
265	4	4
266	3	3
267	4	4
268	4	4
269	4	4
270	4	4
271	6	4
272	6	4
273	4	4
274	4	4
275	6	4
276	4	4
277	4	4
278	4	4
279	4	4
280	6	4
281	6	4
282	6	4
283	4	4
284	4	4
285	4	4
286	4	4
287	4	4
288	4	4
289	6	4
290	6	4
291	4	4
292	4	4
293	4	4
294	4	4
295	4	4
296	4	4
297	4	4
298	4	4
299	6	4
300	4	4
301	4	4
302	4	4
303	4	4
304	4	4
305	4	4
306	4	4
307	4	4
308	4	4
309	4	4
310	4	4
311	4	4
312	6	4
313	4	4
314	4	4
315	4	4
316	4	4
317	4	4
318	4	4
319	3	3
320	3	3
321	4	4
322	4	4
323	4	4
324	4	4
325	4	4
326	4	4
327	4	4
328	4	4
329	4	4
330	4	4
331	4	4
332	4	4
333	4	4
334	4	4
335	4	4
336	4	4
337	4	4
338	4	4
339	4	4
340	4	4
341	4	4
342	4	4
343	4	4
344	6	6
345	2	2
346	2	2
347	2	2
348	1	1
349	6	6
350	6	0
351	6	0
352	6	2
353	2	2
354	2	2
355	5	5
356	5	5
357	5	5
358	5	5
359	6	5
360	5	5
361	5	5
362	5	5
363	6	5
364	6	5
365	5	5
366	6	5
367	5	5
368	5	5
369	5	5
370	5	5
371	5	5
372	5	5
373	6	5
374	6	5
375	5	5
376	5	5
377	5	5
378	5	5
379	5	5
380	6	5
381	6	5
382	6	5
383	6	5
384	6	5
385	6	5
386	6	5
387	6	5
388	5	5
389	6	5
390	5	5
391	6	5
392	6	5
393	6	5
394	5	5
395	5	5
396	6	6
397	6	1
398	1	1
399	1	1
400	1	1
401	5	5
402	6	5
403	5	5
404	5	5
405	5	5
406	5	5
407	5	5
408	6	5
409	5	5
410	6	5
411	5	5
412	5	5
413	5	5
414	5	5
415	6	5
416	6	5
417	6	5
418	5	5
419	6	6
420	6	1
421	6	1
422	2	2
423	6	0
424	6	0
425	2	2
426	2	2
427	2	2
428	2	2
429	6	2
430	2	2
431	2	2
432	2	2
433	6	1
434	2	2
435	2	2
436	2	2
437	2	2
438	2	2
439	2	2
440	2	2
441	2	2
442	2	2
443	2	2
444	2	2
445	2	2
446	2	2
447	2	2
448	6	2
449	2	2
450	2	2
451	2	2
452	2	2
453	2	2
454	2	2
455	2	2
456	2	2
457	2	2
458	2	2
459	2	2
460	2	2
461	2	2
462	2	2
463	2	2
464	2	2
465	2	2
466	2	2
467	2	2
468	2	2
469	2	2
470	2	2
471	6	3
472	6	3
473	2	2
474	2	2
475	2	2
476	6	6
477	2	2
478	2	2
479	2	2
480	2	2
481	2	2
482	2	2
483	2	2
484	2	2
485	2	2
486	2	2
487	2	2
488	2	2
489	2	2
490	2	2
491	2	2
492	2	2
493	6	6
494	6	1
495	2	2
496	2	2
497	2	2
498	2	2
499	2	2
500	6	2
501	2	2
502	2	2
503	2	2
504	2	2
505	2	2
506	6	3
507	2	2
508	2	2
509	2	2
510	2	2
511	6	6
512	6	0
513	0	0
514	6	6
515	2	2
516	2	2
517	2	2
518	6	6
519	1	1
520	2	2
521	6	2
522	6	0
523	6	0
524	0	0
525	0	0
526	6	6
527	1	1
528	1	1
529	1	1
530	6	2
531	1	1
532	1	1
533	2	2
534	2	2
535	2	2
536	2	2
537	2	2
538	5	5
539	5	5
540	5	5
541	5	5
542	5	5
543	5	5
544	5	5
545	6	5
546	6	5
547	6	5
548	6	5
549	6	5
550	6	5
551	6	5
552	6	5
553	5	5
554	6	5
555	6	5
556	5	5
557	5	5
558	6	5
559	6	5
560	6	5
561	6	5
562	6	5
563	5	5
564	5	5
565	6	0
566	0	0
567	0	0
568	6	0
569	6	0
570	6	6
571	6	1
572	1	1
573	1	1
574	1	1
575	1	1
576	6	0
577	6	0
578	1	1
579	1	1
580	1	1
581	6	0
582	6	0
583	1	1
584	6	1
585	1	1
586	1	1
587	6	1
588	6	0
589	0	0
590	0	0
591	1	1
592	1	1
593	1	1
594	6	0
595	6	0
596	0	0
597	1	1
598	1	1
599	6	6
600	6	0
601	6	0
602	0	0
603	6	0
604	0	0
605	0	0
606	0	0
607	0	0
608	6	0
609	6	0
610	6	0
611	6	6
612	6	0
613	6	6
614	6	6
615	6	0
616	6	0
617	6	6
618	6	0
619	6	6
620	6	6
621	6	6
622	6	6
623	6	6
624	6	6
625	6	6
626	6	6
627	6	6
628	6	6
629	6	6
630	6	6
631	6	6
632	6	6
633	6	6
634	6	6
635	6	6
636	6	6
637	6	6
638	6	6
639	6	0
640	6	0
641	6	6
642	6	6
643	6	6
644	6	6
645	6	6
646	6	0
647	6	0
648	6	6
649	6	0
650	6	0
651	6	0
652	6	0
653	6	0
654	6	0
655	6	0
656	6	0
657	6	0
658	6	0
659	6	0
660	6	0
661	6	0
662	6	0
663	6	0
664	6	0
665	6	0
666	6	0
667	1	1
668	1	1
669	0	0
670	0	0
671	0	0
672	0	0
673	0	0
674	1	1
675	0	0
676	6	0
677	6	6
678	6	0
679	0	0
680	0	0
681	6	0
682	1	1
683	0	0
684	0	0
685	0	0
686	0	0
687	6	0
688	6	0
689	6	0
690	6	6
691	6	0
692	0	0
693	0	0
694	0	0
695	0	0
696	0	0
697	1	1
698	1	1
699	1	1
700	1	1
701	1	1
702	1	1
703	1	1
704	1	1
705	1	1
706	1	1
707	0	0
708	1	1
709	1	1
710	1	1
711	1	1
712	1	1
713	1	1
714	1	1
715	6	6
716	6	1
717	1	1
718	2	2
719	2	2
720	2	2
721	2	2
722	2	2
723	2	2
724	2	2
725	2	2
726	2	2
727	2	2
728	2	2
729	2	2
730	2	2
731	2	2
732	2	2
733	2	2
734	2	2
735	2	2
736	2	2
737	2	2
738	2	2
739	2	2
740	5	5
741	6	5
742	6	5
743	6	5
744	5	5
745	6	5
746	6	6
747	5	5
748	5	5
749	5	5
750	6	5
751	6	5
752	6	5
753	6	5
754	6	5
755	6	6
756	6	5
757	6	5
758	6	5
759	5	5
760	5	5
761	5	5
762	5	5
763	6	5
764	6	5
765	6	5
766	6	5
767	6	5
768	6	0
769	6	0
770	6	1
771	6	6
772	1	1
773	1	1
774	1	1
775	1	1
776	1	1
777	6	6
778	1	1
779	2	2
780	2	2
781	2	2
782	2	2
783	6	2
784	2	2
785	2	2
786	2	2
787	2	2
788	2	2
789	2	2
790	2	2
791	2	2
792	2	2
793	2	2
794	2	2
795	2	2
796	2	2
797	2	2
798	2	2
799	2	2
800	2	2
801	2	2
802	2	2
803	2	2
804	2	2
805	2	2
806	2	2
807	2	2
808	2	2
809	2	2
810	6	6
811	2	2
812	2	2
813	2	2
814	2	2
815	2	2
816	2	2
817	2	2
818	2	2
819	2	2
820	2	2
821	2	2
822	3	3
823	2	2
824	2	2
825	3	3
826	3	3
827	6	4
828	4	4
829	4	4
830	6	6
831	6	0
832	6	6
833	6	6
834	1	1
835	1	1
836	6	1
837	6	6
838	6	6
839	0	0
840	7	7
841	7	7
842	7	7
843	7	7
844	7	7
845	7	7
846	7	7
847	7	7
848	7	7
849	7	7
850	7	7
851	7	7
852	7	7
853	7	7
854	7	7
855	7	7
856	7	7
857	7	7
858	7	7
