1	6	7
2	6	7
3	6	7
4	0	7
5	6	7
6	6	7
7	6	7
8	6	7
9	6	7
10	6	7
11	6	7
12	6	7
13	6	7
14	6	7
15	6	7
16	6	7
17	6	7
18	6	7
19	6	7
20	6	7
21	6	7
22	6	7
23	6	7
24	6	7
25	6	7
26	0	7
27	6	7
28	0	7
29	0	7
30	1	7
31	1	7
32	1	7
33	6	7
34	6	7
35	0	7
36	1	7
37	1	7
38	1	7
39	1	7
40	1	7
41	6	7
42	6	7
43	1	7
44	1	7
45	1	7
46	2	7
47	6	7
48	6	7
49	2	7
50	2	7
51	6	7
52	2	7
53	2	7
54	2	7
55	2	7
56	2	7
57	2	7
58	2	7
59	2	7
60	2	7
61	2	7
62	2	7
63	3	7
64	3	7
65	2	7
66	3	7
67	3	7
68	3	7
69	2	7
70	2	7
71	2	7
72	3	7
73	2	7
74	2	7
75	3	7
76	3	7
77	3	7
78	4	7
79	4	7
80	2	7
81	3	7
82	4	7
83	4	7
84	4	7
85	6	7
86	6	7
87	6	7
88	6	7
89	6	7
90	6	7
91	6	7
92	6	7
93	6	7
94	6	7
95	6	7
96	6	7
97	6	7
98	6	7
99	6	7
100	6	7
101	6	7
102	6	7
103	6	7
104	6	7
105	6	7
106	6	7
107	6	7
108	6	7
109	6	7
110	6	7
111	6	7
112	6	7
113	6	7
114	6	7
115	6	7
116	6	7
117	6	7
118	6	7
119	6	7
120	6	7
121	6	7
122	6	7
123	6	7
124	6	7
125	6	7
126	6	7
127	6	7
128	6	7
129	6	7
130	6	7
131	2	7
132	2	7
133	2	7
134	5	7
135	2	7
136	2	7
137	2	7
138	2	7
139	2	7
140	2	7
141	2	7
142	2	7
143	2	7
144	2	7
145	6	7
146	6	7
147	6	7
148	6	7
149	6	7
150	6	7
151	6	7
152	6	7
153	6	7
154	6	7
155	2	7
156	6	7
157	6	7
158	6	7
159	6	7
160	6	7
161	6	7
162	6	7
163	6	7
164	6	7
165	6	7
166	2	7
167	6	7
168	6	7
169	2	7
170	2	7
171	2	7
172	2	7
173	2	7
174	2	7
175	3	7
176	2	7
177	2	7
178	6	7
179	6	7
180	6	7
181	2	7
182	2	7
183	2	7
184	2	7
185	2	7
186	6	7
187	6	7
188	6	7
189	2	7
190	2	7
191	6	7
192	6	7
193	2	7
194	2	7
195	2	7
196	2	7
197	2	7
198	6	7
199	6	7
200	3	7
201	2	7
202	3	7
203	4	7
204	6	7
205	6	7
206	6	7
207	6	7
208	6	7
209	6	7
210	2	7
211	2	7
212	6	7
213	2	7
214	2	7
215	2	7
216	2	7
217	2	7
218	2	7
219	2	7
220	2	7
221	2	7
222	2	7
223	6	7
224	2	7
225	3	7
226	3	7
227	3	7
228	3	7
229	4	7
230	4	7
231	4	7
232	4	7
233	6	7
234	3	7
235	3	7
236	6	7
237	4	7
238	4	7
239	4	7
240	4	7
241	4	7
242	4	7
243	4	7
244	4	7
245	4	7
246	4	7
247	4	7
248	4	7
249	3	7
250	3	7
251	4	7
252	4	7
253	4	7
254	4	7
255	4	7
256	4	7
257	4	7
258	3	7
259	4	7
260	4	7
261	4	7
262	6	7
263	6	7
264	3	7
265	6	7
266	4	7
267	4	7
268	4	7
269	4	7
270	6	7
271	4	7
272	3	7
273	3	7
274	4	7
275	4	7
276	6	7
277	6	7
278	3	7
279	6	7
280	6	7
281	6	7
282	6	7
283	6	7
284	6	7
285	6	7
286	6	7
287	6	7
288	6	7
289	6	7
290	6	7
291	6	7
292	6	7
293	6	7
294	2	7
295	6	7
296	2	7
297	6	7
298	6	7
299	6	7
300	2	7
301	6	7
302	5	7
303	6	7
304	6	7
305	6	7
306	6	7
307	6	7
308	6	7
309	5	7
310	5	7
311	6	7
312	5	7
313	6	7
314	6	7
315	6	7
316	6	7
317	5	7
318	6	7
319	6	7
320	6	7
321	6	7
322	5	7
323	5	7
324	5	7
325	5	7
326	6	7
327	5	7
328	5	7
329	6	7
330	6	7
331	5	7
332	6	7
333	6	7
334	6	7
335	5	7
336	6	7
337	5	7
338	5	7
339	6	7
340	6	7
341	6	7
342	6	7
343	6	7
344	6	7
345	6	7
346	6	7
347	6	7
348	6	7
349	5	7
350	6	7
351	6	7
352	5	7
353	6	7
354	5	7
355	5	7
356	6	7
357	6	7
358	6	7
359	5	7
360	5	7
361	6	7
362	6	7
363	6	7
364	5	7
365	5	7
366	6	7
367	6	7
368	6	7
369	6	7
370	5	7
371	5	7
372	6	7
373	5	7
374	6	7
375	6	7
376	6	7
377	6	7
378	6	7
379	6	7
380	6	7
381	5	7
382	2	7
383	2	7
384	6	7
385	5	7
386	6	7
387	2	7
388	2	7
389	2	7
390	2	7
391	2	7
392	2	7
393	6	7
394	2	7
395	2	7
396	2	7
397	2	7
398	2	7
399	2	7
400	6	7
401	2	7
402	2	7
403	2	7
404	2	7
405	2	7
406	6	7
407	6	7
408	2	7
409	2	7
410	2	7
411	2	7
412	2	7
413	6	7
414	6	7
415	6	7
416	6	7
417	2	7
418	6	7
419	6	7
420	6	7
421	2	7
422	6	7
423	2	7
424	2	7
425	2	7
426	2	7
427	2	7
428	6	7
429	6	7
430	6	7
431	6	7
432	6	7
433	6	7
434	2	7
435	6	7
436	6	7
437	2	7
438	6	7
439	2	7
440	6	7
441	6	7
442	3	7
443	6	7
444	6	7
445	6	7
446	6	7
447	6	7
448	2	7
449	6	7
450	6	7
451	2	7
452	2	7
453	6	7
454	6	7
455	6	7
456	6	7
457	6	7
458	6	7
459	2	7
460	6	7
461	6	7
462	6	7
463	6	7
464	3	7
465	6	7
466	6	7
467	6	7
468	6	7
469	6	7
470	6	7
471	6	7
472	6	7
473	6	7
474	6	7
475	6	7
476	6	7
477	6	7
478	2	7
479	2	7
480	2	7
481	6	7
482	2	7
483	2	7
484	2	7
485	2	7
486	2	7
487	6	7
488	6	7
489	6	7
490	2	7
491	6	7
492	6	7
493	2	7
494	2	7
495	6	7
496	2	7
497	6	7
498	6	7
499	6	7
500	6	7
501	6	7
502	6	7
503	6	7
504	6	7
505	2	7
506	6	7
507	2	7
508	6	7
509	2	7
510	6	7
511	6	7
512	2	7
513	2	7
514	2	7
515	6	7
516	2	7
517	2	7
518	2	7
519	2	7
520	6	7
521	6	7
522	6	7
523	6	7
524	6	7
525	2	7
526	2	7
527	2	7
528	2	7
529	2	7
530	2	7
531	2	7
532	6	7
533	6	7
534	2	7
535	6	7
536	6	7
537	6	7
538	2	7
539	2	7
540	6	7
541	6	7
542	6	7
543	2	7
544	2	7
545	5	7
546	5	7
547	5	7
548	6	7
549	6	7
550	6	7
551	6	7
552	6	7
553	6	7
554	6	7
555	6	7
556	6	7
557	6	7
558	5	7
559	6	7
560	6	7
561	6	7
562	5	7
563	6	7
564	6	7
565	5	7
566	5	7
567	6	7
568	6	7
569	6	7
570	5	7
571	6	7
572	6	7
573	6	7
574	6	7
575	6	7
576	6	7
577	6	7
578	6	7
579	6	7
580	1	7
581	6	7
582	6	7
583	6	7
584	6	7
585	6	7
586	6	7
587	6	7
588	6	7
589	6	7
590	6	7
591	6	7
592	1	7
593	6	7
594	6	7
595	1	7
596	1	7
597	6	7
598	6	7
599	1	7
600	1	7
601	1	7
602	2	7
603	1	7
604	6	7
605	1	7
606	2	7
607	6	7
608	1	7
609	2	7
610	2	7
611	6	7
612	6	7
613	6	7
614	2	7
615	2	7
616	2	7
617	2	7
618	6	7
619	2	7
620	2	7
621	2	7
622	2	7
623	2	7
624	2	7
625	2	7
626	2	7
627	2	7
628	2	7
629	6	7
630	2	7
631	2	7
632	2	7
633	2	7
634	2	7
635	2	7
636	2	7
637	2	7
638	6	7
639	6	7
640	2	7
641	2	7
642	2	7
643	2	7
644	2	7
645	2	7
646	2	7
647	2	7
648	2	7
649	2	7
650	2	7
651	2	7
652	2	7
653	2	7
654	2	7
655	2	7
656	2	7
657	2	7
658	2	7
659	6	7
660	2	7
661	6	7
662	2	7
663	6	7
664	2	7
665	2	7
666	2	7
667	2	7
668	6	7
669	2	7
670	6	7
671	2	7
672	2	7
673	3	7
674	6	7
675	6	7
676	6	7
677	6	7
678	6	7
679	6	7
680	6	7
681	6	7
682	2	7
683	6	7
684	6	7
685	6	7
686	6	7
687	6	7
688	6	7
689	6	7
690	6	7
691	6	7
692	6	7
693	2	7
694	2	7
695	6	7
696	2	7
697	2	7
698	2	7
699	2	7
700	6	7
701	2	7
702	6	7
703	2	7
704	6	7
705	6	7
706	6	7
707	6	7
708	6	7
709	6	7
710	6	7
711	6	7
712	2	7
713	6	7
714	6	7
715	2	7
716	2	7
717	2	7
718	6	7
719	6	7
720	6	7
721	6	7
722	6	7
723	6	7
724	6	7
725	6	7
726	6	7
727	6	7
728	6	7
729	6	7
730	6	7
731	6	7
732	2	7
733	6	7
734	6	7
735	6	7
736	6	7
737	2	7
738	6	7
739	2	7
740	5	7
741	5	7
742	6	7
743	5	7
744	6	7
745	6	7
746	5	7
747	5	7
748	6	7
749	6	7
750	6	7
751	6	7
752	6	7
753	6	7
754	6	7
755	6	7
756	6	7
757	6	7
758	6	7
759	6	7
760	6	7
761	6	7
762	6	7
763	6	7
764	5	7
765	6	7
766	6	7
767	6	7
768	6	7
769	6	7
770	6	7
771	6	7
772	6	7
773	6	7
774	6	7
775	6	7
776	6	7
777	6	7
778	6	7
779	6	7
780	6	7
781	6	7
782	6	7
783	6	7
784	6	7
785	6	7
786	6	7
787	6	7
788	6	7
789	6	7
790	6	7
791	6	7
792	5	7
793	5	7
794	6	7
795	5	7
796	6	7
797	6	7
798	6	7
799	6	7
800	6	7
801	6	7
802	6	7
803	6	7
804	6	7
805	6	7
806	6	7
807	5	7
808	6	7
809	6	7
810	5	7
811	5	7
812	5	7
813	6	7
814	6	7
815	6	7
816	6	7
817	6	7
818	6	7
819	6	7
820	6	7
821	1	7
822	5	7
823	6	7
824	6	7
825	6	7
826	6	7
827	6	7
828	5	7
829	6	7
830	5	7
831	6	7
832	5	7
833	5	7
834	6	7
835	6	7
836	6	7
837	6	7
838	5	7
839	6	7
840	5	7
841	5	7
842	6	7
843	6	7
844	5	7
845	6	7
846	6	7
847	6	7
848	5	7
849	6	7
850	6	7
851	6	7
852	6	7
853	6	7
854	5	7
855	5	7
856	6	7
857	6	7
858	2	7
859	2	7
860	6	7
861	6	7
862	6	7
863	6	7
864	2	7
865	2	7
866	2	7
867	2	7
868	2	7
869	2	7
870	2	7
871	2	7
872	2	7
873	2	7
874	2	7
875	2	7
876	2	7
877	2	7
878	2	7
879	2	7
880	2	7
881	2	7
882	2	7
883	2	7
884	2	7
885	2	7
886	2	7
887	2	7
888	2	7
889	2	7
890	2	7
891	2	7
892	2	7
893	2	7
894	2	7
895	2	7
896	2	7
897	2	7
898	2	7
899	2	7
900	3	7
901	2	7
902	2	7
903	2	7
904	2	7
905	2	7
906	2	7
907	6	7
908	2	7
909	6	7
910	2	7
911	6	7
912	6	7
913	6	7
914	2	7
915	2	7
916	2	7
917	2	7
918	2	7
919	2	7
920	6	7
921	6	7
922	2	7
923	2	7
924	2	7
925	2	7
926	2	7
927	2	7
928	2	7
929	2	7
930	2	7
931	6	7
932	2	7
933	2	7
934	2	7
935	3	7
936	2	7
937	3	7
938	6	7
939	6	7
940	6	7
941	6	7
942	6	7
943	6	7
944	6	7
945	0	7
946	1	7
947	6	7
948	6	7
949	6	7
950	6	7
951	6	7
952	6	7
953	6	7
954	6	7
955	6	7
956	6	7
957	6	7
958	6	7
959	6	7
960	6	7
961	6	7
962	6	7
963	6	7
964	6	7
965	6	7
966	6	7
967	6	7
968	6	7
969	6	7
970	6	7
971	6	7
972	6	7
973	6	7
974	6	7
975	6	7
976	6	7
977	6	7
978	6	7
979	6	7
980	6	7
981	6	7
982	6	7
983	6	7
984	6	7
985	6	7
986	6	7
987	6	7
988	6	7
989	6	7
990	6	7
991	6	7
992	6	7
993	6	7
994	6	7
995	6	7
996	6	7
997	6	7
998	6	7
999	6	7
1000	6	7
1001	6	7
1002	6	7
1003	6	7
1004	6	7
1005	6	7
1006	6	7
1007	6	7
1008	6	7
1009	6	7
1010	6	7
1011	6	7
1012	6	7
1013	6	7
1014	6	7
1015	6	7
1016	6	7
1017	6	7
1018	6	7
1019	6	7
1020	6	7
1021	6	7
1022	6	7
1023	6	7
1024	6	7
1025	6	7
1026	6	7
1027	6	7
1028	6	7
1029	6	7
1030	6	7
1031	6	7
1032	6	7
1033	6	7
1034	6	7
1035	6	7
1036	6	7
1037	6	7
1038	6	7
1039	6	7
1040	6	7
1041	6	7
1042	6	7
1043	6	7
1044	6	7
1045	6	7
1046	6	7
1047	6	7
1048	6	7
1049	6	7
1050	6	7
1051	6	7
1052	6	7
1053	6	7
1054	6	7
1055	6	7
