1	6	2
2	6	6
3	6	6
4	6	0
5	6	6
6	6	0
7	6	6
8	6	6
9	6	6
10	6	6
11	6	6
12	1	1
13	1	1
14	6	1
15	6	2
16	6	2
17	6	2
18	6	2
19	6	2
20	2	2
21	2	2
22	2	2
23	2	2
24	2	2
25	2	2
26	2	2
27	2	2
28	2	2
29	2	2
30	2	2
31	3	3
32	2	2
33	2	2
34	2	2
35	2	2
36	2	2
37	2	2
38	2	2
39	2	2
40	2	2
41	6	2
42	2	2
43	2	2
44	2	2
45	2	2
46	2	2
47	2	2
48	3	3
49	3	3
50	2	2
51	3	3
52	4	4
53	4	4
54	2	2
55	4	4
56	4	4
57	2	2
58	4	4
59	3	3
60	3	3
61	4	4
62	4	4
63	4	4
64	4	4
65	4	4
66	4	4
67	4	4
68	4	4
69	4	4
70	4	4
71	4	4
72	6	4
73	6	6
74	2	2
75	2	2
76	2	2
77	2	2
78	3	3
79	4	4
80	4	4
81	4	4
82	4	4
83	4	4
84	4	4
85	4	4
86	4	4
87	4	4
88	6	4
89	6	4
90	3	3
91	4	4
92	4	4
93	4	4
94	4	4
95	4	4
96	4	4
97	4	4
98	4	4
99	4	4
100	4	4
101	4	4
102	4	4
103	4	4
104	4	4
105	4	4
106	4	4
107	4	4
108	4	4
109	4	4
110	4	4
111	4	4
112	4	4
113	4	4
114	6	4
115	6	2
116	2	2
117	2	2
118	2	2
119	3	3
120	6	2
121	3	3
122	2	2
123	6	1
124	2	2
125	2	2
126	2	2
127	2	2
128	2	2
129	2	2
130	2	2
131	4	4
132	4	4
133	4	4
134	4	4
135	4	4
136	2	2
137	2	2
138	2	2
139	2	2
140	2	2
141	2	2
142	2	2
143	2	2
144	2	2
145	2	2
146	2	2
147	2	2
148	2	2
149	2	2
150	2	2
151	2	2
152	2	2
153	2	2
154	2	2
155	2	2
156	2	2
157	2	2
158	2	2
159	2	2
160	2	2
161	2	2
162	2	2
163	2	2
164	2	2
165	2	2
166	2	2
167	2	2
168	2	2
169	2	2
170	2	2
171	2	2
172	6	2
173	6	2
174	2	2
175	2	2
176	2	2
177	2	2
178	2	2
179	2	2
180	2	2
181	2	2
182	2	2
183	2	2
184	2	2
185	2	2
186	2	2
187	2	2
188	2	2
189	2	2
190	2	2
191	3	3
192	3	3
193	3	3
194	3	3
195	4	4
196	4	4
197	4	4
198	3	3
199	4	4
200	3	3
201	4	4
202	3	3
203	3	3
204	3	3
205	3	3
206	4	4
207	3	3
208	4	4
209	4	4
210	4	4
211	4	4
212	4	4
213	4	4
214	4	4
215	4	4
216	4	4
217	3	3
218	4	4
219	4	4
220	4	4
221	4	4
222	4	4
223	4	4
224	6	6
225	6	6
226	2	2
227	2	2
228	2	2
229	6	6
230	6	1
231	2	2
232	6	1
233	6	2
234	2	2
235	2	2
236	2	2
237	2	2
238	2	2
239	6	2
240	2	2
241	2	2
242	2	2
243	6	2
244	6	2
245	6	2
246	6	2
247	2	2
248	6	3
249	2	2
250	2	2
251	3	3
252	2	2
253	2	2
254	2	2
255	2	2
256	3	3
257	2	2
258	3	3
259	3	3
260	2	2
261	3	3
262	4	4
263	3	3
264	4	4
265	3	3
266	4	4
267	6	2
268	6	2
269	2	2
270	6	2
271	6	1
272	6	1
273	2	2
274	2	2
275	2	2
276	2	2
277	2	2
278	2	2
279	2	2
280	2	2
281	2	2
282	2	2
283	2	2
284	2	2
285	5	5
286	5	5
287	6	5
288	5	5
289	5	5
290	5	5
291	5	5
292	5	5
293	5	5
294	6	5
295	5	5
296	5	5
297	6	5
298	6	6
299	6	1
300	2	2
301	5	5
302	2	2
303	2	2
304	2	2
305	2	2
306	6	2
307	2	2
308	2	2
309	2	2
310	2	2
311	2	2
312	2	2
313	2	2
314	2	2
315	6	2
316	2	2
317	6	2
318	6	2
319	6	1
320	6	2
321	6	2
322	2	2
323	2	2
324	2	2
325	2	2
326	6	2
327	6	2
328	2	2
329	2	2
330	2	2
331	2	2
332	2	2
333	2	2
334	2	2
335	2	2
336	2	2
337	2	2
338	2	2
339	2	2
340	6	6
341	6	2
342	6	2
343	2	2
344	6	2
345	6	2
346	2	2
347	2	2
348	2	2
349	2	2
350	2	2
351	2	2
352	2	2
353	6	2
354	6	2
355	2	2
356	2	2
357	2	2
358	2	2
359	2	2
360	2	2
361	2	2
362	2	2
363	2	2
364	2	2
365	2	2
366	2	2
367	2	2
368	2	2
369	3	3
370	2	2
371	2	2
372	2	2
373	2	2
374	2	2
375	3	3
376	2	2
377	2	2
378	2	2
379	3	3
380	2	2
381	3	3
382	2	2
383	2	2
384	3	3
385	3	3
386	2	2
387	3	3
388	4	4
389	3	3
390	3	3
391	4	4
392	4	4
393	4	4
394	4	4
395	3	3
396	4	4
397	4	4
398	3	3
399	3	3
400	4	4
401	6	4
402	6	6
403	2	2
404	6	2
405	2	2
406	2	2
407	6	2
408	6	6
409	6	2
410	2	2
411	6	2
412	6	2
413	2	2
414	2	2
415	2	2
416	2	2
417	2	2
418	2	2
419	5	5
420	5	5
421	5	5
422	5	5
423	5	5
424	5	5
425	5	5
426	6	5
427	6	5
428	5	5
429	5	5
430	6	5
431	6	5
432	5	5
433	6	5
434	5	5
435	6	5
436	5	5
437	5	5
438	6	5
439	6	5
440	5	5
441	5	5
442	5	5
443	5	5
444	6	5
445	5	5
446	5	5
447	5	5
448	5	5
449	5	5
450	5	5
451	6	5
452	6	5
453	5	5
454	5	5
455	5	5
456	5	5
457	5	5
458	6	5
459	5	5
460	5	5
461	6	5
462	5	5
463	5	5
464	6	5
465	5	5
466	5	5
467	5	5
468	5	5
469	6	5
470	6	5
471	6	5
472	5	5
473	5	5
474	6	5
475	6	5
476	5	5
477	5	5
478	5	5
479	5	5
480	6	5
481	6	5
482	6	5
483	5	5
484	5	5
485	5	5
486	5	5
487	6	5
488	5	5
489	6	5
490	5	5
491	6	5
492	6	2
493	2	2
494	2	2
495	2	2
496	2	2
497	2	2
498	6	2
499	2	2
500	2	2
501	2	2
502	2	2
503	2	2
504	6	2
505	2	2
506	2	2
507	2	2
508	2	2
509	2	2
510	2	2
511	2	2
512	2	2
513	2	2
514	2	2
515	2	2
516	2	2
517	2	2
518	2	2
519	2	2
520	2	2
521	2	2
522	2	2
523	2	2
524	6	2
525	6	1
526	6	2
527	6	2
528	2	2
529	2	2
530	2	2
531	2	2
532	2	2
533	2	2
534	2	2
535	2	2
536	2	2
537	2	2
538	2	2
539	2	2
540	2	2
541	2	2
542	2	2
543	6	6
544	6	6
545	6	6
546	2	2
547	2	2
548	2	2
549	2	2
550	2	2
551	2	2
552	2	2
553	2	2
554	2	2
555	2	2
556	2	2
557	2	2
558	2	2
559	2	2
560	2	2
561	2	2
562	2	2
563	2	2
564	2	2
565	2	2
566	2	2
567	2	2
568	2	2
569	2	2
570	2	2
571	2	2
572	2	2
573	3	3
574	2	2
575	2	2
576	2	2
577	3	3
578	2	2
579	3	3
580	2	2
581	6	2
582	6	1
583	2	2
584	2	2
585	6	2
586	6	6
587	2	2
588	2	2
589	2	2
590	2	2
591	2	2
592	6	6
593	6	1
594	2	2
595	6	2
596	6	2
597	6	2
598	6	6
599	6	1
600	2	2
601	2	2
602	2	2
603	2	2
604	2	2
605	7	7
606	2	2
607	2	2
608	2	2
609	2	2
610	2	2
611	2	2
612	2	2
613	6	2
614	6	2
615	5	5
616	5	5
617	5	5
618	6	5
619	5	5
620	6	5
621	6	5
622	6	5
623	6	5
624	6	5
625	6	5
626	5	5
627	5	5
628	5	5
629	6	5
630	5	5
631	5	5
632	5	5
633	5	5
634	5	5
635	5	5
636	5	5
637	5	5
638	6	5
639	5	5
640	5	5
641	6	5
642	6	5
643	6	5
644	6	5
645	5	5
646	5	5
647	5	5
648	5	5
649	5	5
650	6	5
651	6	5
652	6	5
653	6	6
654	6	5
655	6	6
656	1	1
657	2	2
658	2	2
659	2	2
660	2	2
661	2	2
662	2	2
663	6	6
664	1	1
665	6	2
666	6	2
667	2	2
668	6	2
669	2	2
670	2	2
671	2	2
672	2	2
673	2	2
674	2	2
675	2	2
676	2	2
677	2	2
678	6	2
679	6	2
680	2	2
681	2	2
682	2	2
683	2	2
684	2	2
685	2	2
686	2	2
687	2	2
688	2	2
689	2	2
690	2	2
691	2	2
692	2	2
693	2	2
694	2	2
695	2	2
696	6	6
697	6	1
698	2	2
699	2	2
700	2	2
701	2	2
702	6	6
703	2	2
704	2	2
705	2	2
706	2	2
707	6	2
708	6	6
709	2	2
710	6	2
711	6	1
712	2	2
713	2	2
714	6	2
715	2	2
716	2	2
717	2	2
718	2	2
719	2	2
720	2	2
721	6	6
722	2	2
723	2	2
724	2	2
725	2	2
726	2	2
728	2	2
729	2	2
730	2	2
731	2	2
732	2	2
733	2	2
734	2	2
735	2	2
736	2	2
737	2	2
738	2	2
739	6	2
740	6	2
741	2	2
742	2	2
743	2	2
744	6	2
745	2	2
746	2	2
747	6	2
748	2	2
749	2	2
750	2	2
751	2	2
752	2	2
753	2	2
754	2	2
755	2	2
756	2	2
757	2	2
758	2	2
759	2	2
760	2	2
761	2	2
762	2	2
763	6	5
764	5	5
765	6	5
766	6	5
767	6	5
768	6	5
769	6	5
770	6	5
771	5	5
772	6	5
773	5	5
774	6	5
775	6	5
776	5	5
777	6	5
778	6	5
779	6	5
780	6	5
781	6	5
782	6	5
783	6	5
784	6	5
785	6	5
786	6	5
787	6	5
788	5	5
789	5	5
790	5	5
791	5	5
792	6	5
793	6	5
794	6	5
795	6	5
796	6	5
797	2	2
798	2	2
799	2	2
800	2	2
801	2	2
802	2	2
803	2	2
804	2	2
805	2	2
806	2	2
807	2	2
808	2	2
809	2	2
810	2	2
811	2	2
812	2	2
813	2	2
814	2	2
815	6	2
816	6	1
817	2	2
818	2	2
819	2	2
820	2	2
821	2	2
822	2	2
823	2	2
824	2	2
825	2	2
826	2	2
827	2	2
828	2	2
829	2	2
830	2	2
831	2	2
832	2	2
833	6	2
834	2	2
835	2	2
836	2	2
837	2	2
838	2	2
839	2	2
840	2	2
841	2	2
842	2	2
843	2	2
844	2	2
845	2	2
846	2	2
847	6	6
848	6	1
849	2	2
850	6	6
851	6	1
852	2	2
853	2	2
854	2	2
855	2	2
856	2	2
857	2	2
858	2	2
859	6	2
860	2	2
861	2	2
862	2	2
863	6	2
864	6	2
865	6	2
866	2	2
867	2	2
868	2	2
869	2	2
870	2	2
871	2	2
872	2	2
873	2	2
874	2	2
875	2	2
876	2	2
877	2	2
878	5	5
879	6	5
880	5	5
881	6	5
882	6	5
883	6	5
884	6	5
885	5	5
886	6	5
887	5	5
888	6	6
889	5	5
890	6	5
891	6	5
892	6	5
893	6	5
894	5	5
895	5	5
896	6	5
897	6	5
898	6	5
899	6	5
900	5	5
901	5	5
902	5	5
903	5	5
904	5	5
905	5	5
906	5	5
907	5	5
908	5	5
909	5	5
910	5	5
911	5	5
912	5	5
913	5	5
914	5	5
915	5	5
916	6	5
917	5	5
918	5	5
919	5	5
920	5	5
921	5	5
922	2	2
923	2	2
924	2	2
925	2	2
926	2	2
927	2	2
928	2	2
929	2	2
930	2	2
931	6	2
932	6	2
933	6	2
934	2	2
935	6	2
936	6	2
937	2	2
938	2	2
939	2	2
940	2	2
941	2	2
942	2	2
943	2	2
944	6	2
945	2	2
946	2	2
947	2	2
948	2	2
949	2	2
950	6	2
951	6	6
952	6	1
953	2	2
954	6	6
955	6	2
956	6	2
957	2	2
958	2	2
959	6	6
960	6	0
961	6	6
962	6	0
963	0	0
964	1	1
965	2	2
966	6	1
967	1	1
968	1	1
969	1	1
970	1	1
971	6	2
972	6	1
973	2	2
974	2	2
975	2	2
976	2	2
977	2	2
978	2	2
979	6	2
980	2	2
981	6	2
982	6	2
983	2	2
984	2	2
985	2	2
986	2	2
987	2	2
988	2	2
989	2	2
990	6	2
991	6	2
992	2	2
993	2	2
994	2	2
995	2	2
996	6	6
997	6	2
998	6	6
999	6	1
1000	1	1
1001	6	1
1002	6	6
1003	1	1
1004	6	1
1005	1	1
1006	2	2
1007	2	2
1008	2	2
1009	6	2
1010	6	6
1011	2	2
1012	2	2
1013	2	2
1014	2	2
1015	2	2
1016	2	2
1017	2	2
1018	2	2
1019	2	2
1020	6	6
1021	2	2
1022	2	2
1023	2	2
1024	2	2
1025	2	2
1026	2	2
1027	6	2
1028	2	2
1029	2	2
1030	2	2
1031	2	2
1032	2	2
1033	2	2
1034	2	2
1035	2	2
1036	2	2
1037	6	5
1038	6	5
1039	6	5
1040	6	5
1041	6	5
1042	6	5
0	6	0
