1	6	7
2	6	7
3	6	7
4	0	7
5	6	7
6	6	7
7	6	7
8	6	7
9	6	7
10	6	7
11	6	7
12	6	7
13	6	7
14	6	7
15	6	7
16	6	7
17	0	7
18	6	7
19	6	7
20	6	7
21	6	7
22	0	7
23	0	7
24	0	7
25	0	7
26	6	7
27	0	7
28	0	7
29	0	7
30	1	7
31	6	7
32	2	7
33	2	7
34	2	7
35	2	7
36	2	7
37	2	7
38	2	7
39	2	7
40	2	7
41	2	7
42	2	7
43	2	7
44	2	7
45	2	7
46	2	7
47	2	7
48	2	7
49	3	7
50	3	7
51	4	7
52	3	7
53	3	7
54	3	7
55	3	7
56	3	7
57	4	7
58	3	7
59	4	7
60	3	7
61	3	7
62	3	7
63	4	7
64	4	7
65	3	7
66	4	7
67	4	7
68	4	7
69	4	7
70	4	7
71	4	7
72	4	7
73	4	7
74	4	7
75	4	7
76	4	7
77	4	7
78	4	7
79	4	7
80	4	7
81	6	7
82	2	7
83	3	7
84	3	7
85	4	7
86	4	7
87	4	7
88	4	7
89	4	7
90	4	7
91	4	7
92	4	7
93	4	7
94	4	7
95	4	7
96	4	7
97	4	7
98	4	7
99	4	7
100	4	7
101	4	7
102	4	7
103	4	7
104	4	7
105	4	7
106	4	7
107	4	7
108	3	7
109	4	7
110	4	7
111	4	7
112	4	7
113	4	7
114	4	7
115	4	7
116	4	7
117	6	7
118	1	7
119	6	7
120	2	7
121	2	7
122	2	7
123	2	7
124	2	7
125	2	7
126	2	7
127	2	7
128	2	7
129	2	7
130	2	7
131	2	7
132	2	7
133	3	7
134	4	7
135	3	7
136	4	7
137	4	7
138	4	7
139	4	7
140	4	7
141	4	7
142	4	7
143	4	7
144	4	7
145	4	7
146	4	7
147	4	7
148	4	7
149	4	7
150	4	7
151	2	7
152	2	7
153	2	7
154	2	7
155	2	7
156	6	7
157	2	7
158	2	7
159	2	7
160	2	7
161	5	7
162	5	7
163	5	7
164	5	7
165	5	7
166	5	7
167	6	7
168	6	7
169	2	7
170	6	7
171	6	7
172	5	7
173	5	7
174	6	7
175	5	7
176	5	7
177	5	7
178	5	7
179	5	7
180	6	7
181	5	7
182	5	7
183	5	7
184	5	7
185	6	7
186	5	7
187	6	7
188	5	7
189	5	7
190	5	7
191	5	7
192	5	7
193	5	7
194	6	7
195	6	7
196	5	7
197	5	7
198	5	7
199	5	7
200	6	7
201	6	7
202	6	7
203	6	7
204	5	7
205	6	7
206	6	7
207	6	7
208	5	7
209	6	7
210	6	7
211	6	7
212	6	7
213	5	7
214	6	7
215	6	7
216	6	7
217	6	7
218	6	7
219	6	7
220	6	7
221	6	7
222	6	7
223	6	7
224	5	7
225	6	7
226	6	7
227	6	7
228	5	7
229	6	7
230	6	7
231	5	7
232	6	7
233	2	7
234	2	7
235	6	7
236	6	7
237	6	7
238	6	7
239	6	7
240	6	7
241	6	7
242	6	7
243	2	7
244	2	7
245	2	7
246	6	7
247	6	7
248	6	7
249	2	7
250	2	7
251	2	7
252	2	7
253	2	7
254	6	7
255	2	7
256	2	7
257	2	7
258	2	7
259	2	7
260	2	7
261	2	7
262	2	7
263	2	7
264	2	7
265	2	7
266	2	7
267	2	7
268	2	7
269	2	7
270	2	7
271	2	7
272	2	7
273	2	7
274	2	7
275	2	7
276	2	7
277	2	7
278	2	7
279	2	7
280	3	7
281	3	7
282	3	7
283	6	7
284	4	7
285	3	7
286	4	7
287	4	7
288	4	7
289	4	7
290	4	7
291	3	7
292	4	7
293	4	7
294	4	7
295	4	7
296	4	7
297	4	7
298	4	7
299	4	7
300	4	7
301	4	7
302	4	7
303	4	7
304	4	7
305	4	7
306	4	7
307	4	7
308	4	7
309	4	7
310	4	7
311	4	7
312	4	7
313	4	7
314	4	7
315	4	7
316	4	7
317	4	7
318	4	7
319	4	7
320	4	7
321	4	7
322	4	7
323	4	7
324	4	7
325	4	7
326	4	7
327	4	7
328	4	7
329	4	7
330	4	7
331	4	7
332	4	7
333	4	7
334	4	7
335	4	7
336	4	7
337	4	7
338	4	7
339	4	7
340	4	7
341	4	7
342	4	7
343	4	7
344	4	7
345	4	7
346	4	7
347	4	7
348	4	7
349	4	7
350	6	7
351	6	7
352	2	7
353	2	7
354	2	7
355	2	7
356	2	7
357	2	7
358	2	7
359	2	7
360	2	7
361	2	7
362	2	7
363	2	7
364	2	7
365	3	7
366	2	7
367	2	7
368	2	7
369	2	7
370	2	7
371	2	7
372	6	7
373	6	7
374	5	7
375	6	7
376	5	7
377	2	7
378	5	7
379	6	7
380	5	7
381	5	7
382	5	7
383	5	7
384	6	7
385	6	7
386	2	7
387	6	7
388	5	7
389	6	7
390	6	7
391	5	7
392	6	7
393	6	7
394	6	7
395	5	7
396	6	7
397	6	7
398	5	7
399	6	7
400	6	7
401	6	7
402	6	7
403	5	7
404	5	7
405	6	7
406	5	7
407	5	7
408	5	7
409	5	7
410	6	7
411	6	7
412	5	7
413	5	7
414	5	7
415	5	7
416	5	7
417	5	7
418	5	7
419	5	7
420	5	7
421	5	7
422	6	7
423	6	7
424	6	7
425	6	7
426	5	7
427	2	7
428	6	7
429	6	7
430	6	7
431	6	7
432	5	7
433	5	7
434	5	7
435	5	7
436	6	7
437	6	7
438	6	7
439	6	7
440	1	7
441	2	7
442	2	7
443	2	7
444	2	7
445	2	7
446	2	7
447	2	7
448	2	7
449	2	7
450	2	7
451	2	7
452	2	7
453	2	7
454	2	7
455	2	7
456	2	7
457	2	7
458	2	7
459	2	7
460	2	7
461	2	7
462	2	7
463	2	7
464	6	7
465	2	7
466	2	7
467	2	7
468	2	7
469	2	7
470	6	7
471	6	7
472	6	7
473	6	7
474	2	7
475	2	7
476	6	7
477	2	7
478	2	7
479	2	7
480	2	7
481	2	7
482	2	7
483	2	7
484	2	7
485	2	7
486	2	7
487	2	7
488	2	7
489	2	7
490	2	7
491	2	7
492	2	7
493	2	7
494	2	7
495	2	7
496	2	7
497	2	7
498	6	7
499	6	7
500	6	7
501	2	7
502	2	7
503	2	7
504	2	7
505	2	7
506	2	7
507	2	7
508	2	7
509	2	7
510	2	7
511	2	7
512	2	7
513	2	7
514	2	7
515	2	7
516	2	7
517	2	7
518	2	7
519	2	7
520	2	7
521	2	7
522	2	7
523	2	7
524	2	7
525	2	7
526	2	7
527	2	7
528	2	7
529	6	7
530	6	7
531	2	7
532	2	7
533	2	7
534	2	7
535	2	7
536	2	7
537	2	7
538	6	7
539	6	7
540	2	7
541	2	7
542	2	7
543	2	7
544	2	7
545	2	7
546	2	7
547	2	7
548	2	7
549	2	7
550	2	7
551	2	7
552	2	7
553	2	7
554	2	7
555	2	7
556	3	7
557	2	7
558	2	7
559	2	7
560	2	7
561	2	7
562	2	7
563	2	7
564	2	7
565	2	7
566	6	7
567	6	7
568	2	7
569	2	7
570	2	7
571	2	7
572	2	7
573	2	7
574	2	7
575	2	7
576	2	7
577	2	7
578	2	7
579	2	7
580	2	7
581	2	7
582	2	7
583	2	7
584	2	7
585	2	7
586	6	7
587	6	7
588	2	7
589	2	7
590	2	7
591	2	7
592	2	7
593	2	7
594	2	7
595	2	7
596	2	7
597	3	7
598	6	7
599	2	7
600	2	7
601	5	7
602	6	7
603	6	7
604	5	7
605	5	7
606	5	7
607	6	7
608	6	7
609	6	7
610	5	7
611	6	7
612	5	7
613	6	7
614	6	7
615	6	7
616	6	7
617	6	7
618	6	7
619	1	7
620	1	7
621	1	7
622	2	7
623	2	7
624	2	7
625	2	7
626	2	7
627	2	7
628	2	7
629	2	7
630	2	7
631	2	7
632	2	7
633	2	7
634	2	7
635	0	7
636	2	7
637	6	7
638	6	7
639	2	7
640	2	7
641	2	7
642	2	7
643	2	7
644	2	7
645	2	7
646	2	7
647	2	7
648	2	7
649	2	7
650	2	7
651	2	7
652	2	7
653	2	7
654	2	7
655	2	7
656	2	7
657	2	7
658	2	7
659	2	7
660	2	7
661	6	7
662	2	7
663	2	7
664	2	7
665	2	7
666	2	7
667	2	7
668	2	7
669	2	7
670	2	7
671	6	7
672	2	7
673	2	7
674	2	7
675	2	7
676	2	7
677	2	7
678	2	7
679	2	7
680	2	7
681	2	7
682	2	7
683	2	7
684	2	7
685	2	7
686	2	7
687	2	7
688	2	7
689	2	7
690	2	7
691	2	7
692	3	7
693	2	7
694	2	7
695	2	7
696	2	7
697	3	7
698	2	7
699	2	7
700	3	7
701	2	7
702	2	7
703	2	7
704	2	7
705	2	7
706	2	7
707	2	7
708	2	7
709	2	7
710	2	7
711	3	7
712	2	7
713	3	7
714	3	7
715	2	7
716	2	7
717	2	7
718	3	7
719	2	7
720	3	7
721	3	7
722	4	7
723	4	7
724	4	7
725	4	7
726	4	7
727	3	7
728	3	7
729	3	7
730	4	7
731	4	7
732	3	7
733	3	7
734	3	7
735	2	7
736	2	7
737	5	7
738	6	7
739	5	7
740	6	7
741	6	7
742	6	7
743	5	7
744	5	7
745	5	7
746	5	7
747	6	7
748	6	7
749	6	7
750	6	7
751	6	7
752	0	7
753	0	7
754	1	7
755	1	7
756	1	7
757	1	7
758	2	7
759	2	7
760	2	7
761	2	7
762	2	7
763	2	7
764	2	7
765	2	7
766	2	7
767	2	7
768	2	7
769	2	7
770	2	7
771	2	7
772	2	7
773	2	7
774	2	7
775	2	7
776	2	7
777	2	7
778	2	7
779	2	7
780	2	7
781	2	7
782	2	7
783	2	7
784	2	7
785	2	7
786	2	7
787	2	7
788	2	7
789	2	7
790	2	7
791	2	7
792	2	7
793	2	7
794	2	7
795	5	7
796	5	7
797	5	7
798	5	7
799	6	7
800	6	7
801	6	7
802	6	7
803	6	7
804	6	7
805	5	7
806	6	7
807	6	7
808	6	7
809	5	7
810	5	7
811	5	7
812	6	7
813	5	7
814	5	7
815	5	7
816	6	7
817	6	7
818	6	7
819	6	7
820	6	7
821	5	7
822	6	7
823	6	7
824	5	7
825	5	7
826	6	7
827	6	7
828	5	7
829	6	7
830	5	7
831	5	7
832	6	7
833	6	7
834	5	7
835	6	7
836	6	7
837	6	7
838	6	7
839	6	7
840	6	7
