1	6	6
2	0	0
3	0	0
4	6	6
5	0	0
6	6	6
7	0	0
8	6	6
9	6	6
10	6	6
11	6	6
12	6	6
13	6	6
14	6	6
15	6	6
16	6	6
17	6	6
18	6	6
19	6	6
20	0	0
21	6	0
22	6	6
23	6	6
24	6	6
25	6	6
26	6	6
27	6	6
28	6	6
29	6	6
30	6	6
31	0	0
32	1	1
33	0	0
34	1	1
35	1	1
36	1	1
37	1	1
38	6	6
39	1	1
40	1	1
41	1	1
42	1	1
43	6	6
44	1	1
45	6	6
46	6	6
47	2	2
48	2	2
49	2	2
50	2	2
51	2	2
52	6	6
53	2	2
54	6	2
55	2	2
56	2	2
57	2	2
58	2	2
59	2	2
60	3	3
61	3	3
62	2	6
63	3	3
64	6	2
65	2	2
66	6	2
67	2	2
68	2	2
69	6	6
70	2	2
71	2	2
72	3	3
73	3	3
74	3	3
75	3	3
76	3	3
77	3	3
78	3	3
79	3	3
80	3	3
81	4	4
82	4	4
83	4	4
84	4	4
85	4	4
86	4	4
87	4	4
88	4	4
89	4	4
90	6	6
91	4	4
92	4	4
93	4	4
94	2	2
95	6	2
96	2	3
97	4	4
98	3	4
99	4	4
100	4	4
101	4	4
102	4	4
103	4	4
104	4	4
105	4	4
106	4	4
107	6	6
108	4	4
109	4	4
110	4	4
111	4	4
112	4	4
113	4	4
114	4	4
115	4	4
116	4	4
117	4	4
118	6	4
119	4	4
120	6	4
121	4	4
122	6	6
123	1	1
124	6	6
125	1	1
126	6	2
127	6	2
128	2	2
129	2	2
130	2	2
131	2	2
132	6	2
133	2	2
134	2	2
135	6	6
136	5	5
137	5	5
138	6	6
139	6	6
140	5	5
141	6	6
142	5	5
143	5	5
144	5	5
145	5	5
146	5	5
147	5	5
148	5	5
149	5	5
150	6	6
151	6	5
152	6	6
153	1	5
154	1	5
155	2	5
156	2	2
157	2	2
158	2	2
159	2	2
160	2	2
161	2	2
162	2	2
163	2	2
164	6	6
165	6	6
166	6	6
167	6	6
168	1	1
169	6	1
170	1	1
171	2	2
172	2	2
173	2	2
174	2	2
175	2	2
176	2	2
177	2	2
178	2	2
179	2	2
180	6	2
181	2	2
182	6	6
183	6	6
184	6	6
185	0	0
186	6	6
187	6	6
188	6	6
189	1	1
190	1	1
191	2	2
192	2	2
193	1	1
194	6	6
195	6	6
196	0	0
197	1	1
198	1	1
199	2	2
200	2	2
201	2	2
202	2	2
203	2	2
204	2	2
205	6	6
206	2	2
207	2	2
208	2	2
209	2	2
210	2	2
211	2	2
212	2	2
213	2	2
214	2	2
215	2	2
216	2	2
217	6	2
218	2	2
219	2	2
220	2	2
221	3	3
222	4	4
223	4	4
224	4	4
225	3	2
226	4	4
227	3	3
228	4	4
229	6	2
230	4	4
231	4	4
232	4	4
233	4	4
234	4	4
235	4	4
236	4	4
237	4	4
238	4	4
239	4	4
240	4	4
241	4	4
242	4	4
243	4	4
244	4	4
245	4	4
246	4	4
247	4	4
248	4	4
249	6	6
250	3	3
251	4	4
252	3	2
253	6	3
254	6	3
255	2	2
256	3	3
257	4	4
258	3	2
259	4	3
260	4	3
261	4	4
262	4	4
263	4	4
264	3	3
265	3	3
266	4	4
267	4	4
268	4	4
269	4	4
270	4	4
271	3	3
272	4	4
273	4	4
274	6	6
275	4	4
276	4	4
277	4	4
278	3	3
279	4	4
280	4	4
281	4	4
282	4	4
283	4	4
284	4	4
285	6	6
286	4	4
287	4	4
288	4	4
289	4	4
290	4	4
291	6	6
292	3	2
293	6	6
294	3	3
295	4	4
296	6	6
297	6	6
298	6	6
299	6	6
300	5	5
301	5	5
302	6	5
303	5	5
304	6	6
305	6	6
306	5	5
307	6	6
308	5	5
309	5	5
310	5	5
311	5	5
312	5	5
313	6	5
314	5	5
315	6	6
316	5	5
317	5	5
318	5	5
319	5	5
320	5	5
321	6	6
322	6	5
323	5	5
324	5	5
325	6	6
326	5	5
327	5	2
328	5	2
329	5	2
330	2	2
331	5	2
332	2	2
333	2	2
334	2	2
335	2	2
336	2	2
337	6	6
338	6	6
339	6	6
340	6	6
341	2	2
342	2	2
343	2	2
344	2	2
345	2	2
346	2	2
347	2	2
348	2	2
349	2	2
350	2	2
351	2	2
352	2	2
353	2	2
354	2	2
355	2	2
356	2	2
357	2	2
358	2	2
359	2	2
360	2	2
361	2	2
362	2	2
363	2	2
364	2	2
365	2	2
366	2	2
367	2	2
368	2	2
369	2	2
370	6	2
371	2	2
372	2	2
373	2	2
374	2	2
375	2	2
376	2	2
377	3	3
378	2	2
379	6	6
380	2	2
381	2	2
382	2	2
383	2	2
384	2	2
385	6	2
386	2	2
387	3	3
388	2	2
389	2	2
390	6	6
391	2	2
392	2	2
393	6	3
394	2	2
395	6	6
396	2	2
397	6	6
398	2	2
399	6	6
400	6	6
401	6	6
402	6	6
403	6	6
404	6	6
405	6	6
406	6	6
407	6	6
408	1	1
409	6	6
410	6	6
411	1	1
412	2	2
413	2	2
414	2	2
415	2	2
416	2	2
417	2	2
418	2	2
419	2	2
420	6	2
421	2	2
422	2	2
423	2	2
424	2	2
425	2	2
426	6	2
427	6	6
428	2	2
429	6	6
430	6	6
431	2	2
432	5	5
433	5	5
434	6	6
435	6	6
436	6	6
437	5	5
438	5	5
439	5	5
440	5	5
441	6	6
442	6	6
443	6	6
444	5	5
445	6	6
446	6	6
447	5	5
448	5	5
449	5	5
450	5	5
451	6	6
452	5	5
453	5	5
454	6	6
455	5	5
456	5	5
457	6	6
458	5	5
459	5	5
460	6	5
461	5	5
462	6	6
463	5	5
464	5	5
465	5	5
466	5	5
467	5	5
468	5	5
469	6	6
470	6	6
471	5	5
472	6	5
473	6	6
474	6	5
475	6	6
476	5	5
477	6	6
478	5	5
479	5	5
480	5	5
481	5	5
482	5	5
483	6	6
484	5	5
485	5	5
486	5	5
487	5	5
488	5	5
489	5	5
490	6	6
491	6	6
492	6	6
493	6	6
494	6	6
495	5	1
496	5	1
497	5	1
498	5	2
499	6	6
500	5	2
501	6	2
502	5	2
503	6	2
504	5	2
505	2	2
506	2	2
507	2	2
508	2	2
509	2	2
510	6	6
511	2	2
512	2	2
513	2	2
514	2	2
515	2	2
516	2	2
517	2	2
518	6	6
519	2	2
520	2	2
521	2	2
522	2	2
523	2	2
524	2	2
525	2	2
526	2	2
527	2	2
528	2	2
529	2	2
530	2	2
531	2	2
532	2	2
533	2	2
534	2	2
535	2	2
536	6	2
537	2	2
538	2	2
539	2	2
540	2	2
541	2	2
542	2	2
543	2	2
544	2	2
545	2	2
546	2	2
547	2	2
548	2	2
549	2	2
550	2	2
551	2	2
552	2	2
553	2	2
554	3	3
555	3	3
556	2	2
557	2	2
558	2	2
559	2	2
560	2	2
561	6	6
562	2	2
563	2	2
564	2	2
565	2	2
566	2	2
567	2	2
568	2	2
569	2	2
570	2	2
571	2	2
572	2	2
573	2	2
574	2	2
575	2	2
576	6	6
577	2	2
578	2	2
579	6	6
580	6	6
581	2	2
582	6	6
583	2	2
584	2	2
585	2	2
586	2	2
587	2	2
588	2	2
589	2	2
590	2	2
591	6	6
592	2	2
593	2	2
594	2	2
595	2	2
596	2	2
597	6	6
598	6	6
599	6	6
600	6	6
601	6	6
602	5	5
603	6	6
604	6	5
605	5	5
606	5	5
607	6	5
608	6	5
609	6	6
610	5	5
611	6	5
612	5	5
613	6	5
614	6	5
615	6	5
616	5	5
617	6	6
618	5	5
619	6	5
620	6	6
621	6	6
622	6	6
623	6	6
624	6	6
625	6	6
626	5	5
627	5	5
628	5	5
629	6	6
630	5	5
631	5	5
632	5	2
633	5	2
634	6	6
635	5	2
636	5	2
637	5	2
638	6	6
639	6	6
640	6	6
641	6	6
642	6	6
643	1	1
644	0	0
645	0	0
646	6	6
647	6	6
648	6	6
649	6	6
650	6	6
651	6	6
652	6	6
653	6	6
654	6	6
655	6	6
656	6	6
657	6	6
658	6	6
659	6	6
660	6	6
661	6	6
662	6	6
663	6	6
664	6	6
665	6	6
666	6	6
667	6	6
668	6	6
669	6	6
670	6	6
671	0	0
672	0	0
673	6	6
674	0	0
675	0	0
676	6	6
677	6	6
678	6	6
679	6	6
680	6	6
681	1	1
682	6	6
683	6	6
684	1	1
685	1	1
686	6	6
687	1	1
688	1	1
689	1	1
690	6	1
691	1	1
692	1	1
693	1	1
694	6	6
695	6	6
696	6	6
697	0	6
698	0	0
699	1	1
700	1	1
701	1	1
702	1	1
703	1	1
704	6	6
705	6	6
706	1	1
707	6	2
708	2	2
709	2	2
710	2	2
711	2	2
712	2	2
713	2	2
714	2	2
715	2	2
716	2	2
717	2	2
718	2	2
719	2	2
720	2	2
721	2	2
722	2	2
723	2	2
724	2	2
725	2	2
726	2	2
727	2	2
728	2	2
729	2	2
730	2	2
731	2	2
732	2	2
733	2	2
734	3	2
735	2	2
736	2	2
737	2	2
738	2	2
739	2	2
740	2	2
741	2	2
742	2	2
743	6	2
744	2	2
745	2	2
746	2	2
747	2	2
748	2	2
749	2	2
750	2	2
751	2	2
752	2	2
753	2	2
754	2	2
755	2	2
756	2	2
757	2	2
758	2	2
759	2	2
760	2	2
761	2	2
762	2	2
763	2	2
764	2	2
765	2	2
766	2	2
767	2	2
768	5	5
769	6	6
770	5	5
771	6	6
772	6	6
773	5	5
774	6	6
775	6	2
776	6	6
777	6	6
778	6	6
779	5	5
780	6	6
781	6	6
782	6	6
783	6	6
784	6	6
785	6	6
786	5	5
787	5	5
788	6	5
789	6	6
790	6	6
791	6	6
792	6	6
793	6	6
794	6	6
795	6	6
796	6	5
797	6	6
798	5	5
799	6	6
800	6	6
801	5	5
802	6	6
803	6	6
804	6	6
805	5	5
806	5	5
807	6	5
808	6	5
809	6	5
810	5	5
811	6	6
812	5	5
813	6	6
814	6	6
815	5	5
816	6	5
817	6	6
818	6	6
819	6	6
820	1	1
821	6	6
822	6	6
823	5	2
824	5	2
825	5	2
826	6	6
827	6	6
828	6	6
829	6	6
830	6	6
831	5	1
832	5	1
833	6	6
834	6	6
835	2	2
836	2	2
837	2	2
838	2	2
839	2	2
840	2	2
841	2	2
842	2	2
843	2	2
844	2	2
845	2	2
846	2	2
847	2	2
848	2	2
849	6	6
850	6	6
851	6	6
852	6	6
853	6	6
854	6	6
855	6	6
856	2	2
857	2	2
858	2	2
859	2	2
860	2	2
861	2	2
862	6	6
863	2	2
864	2	2
865	2	2
866	2	2
867	2	2
868	2	2
869	2	2
870	2	2
871	2	2
872	6	2
873	6	6
874	6	6
875	6	6
876	2	2
877	6	6
878	2	2
879	2	2
880	2	2
881	2	2
