   1   0   0
   2   0   0
   3   0   0
   4   0   0
   5   0   0
   6   0   0
   7   0   0
   8   0   0
   9   0   0
  10   0   0
  11   1   1
  12   1   1
  13   1   1
  14   1   1
  15   2   2
  16   0   0
  17   2   2
  18   2   2
  19   2   2
  20   2   2
  21   2   2
  22   2   2
  23   2   2
  24   2   2
  25   2   2
  26   2   2
  27   2   2
  28   2   2
  29   2   2
  30   2   2
  31   2   2
  32   2   2
  33   2   2
  34   2   2
  35   2   2
  36   3   3
  37   4   4
  38   4   4
  39   2   2
  40   4   4
  41   4   4
  42   4   4
  43   4   4
  44   4   4
  45   4   4
  46   4   4
  47   4   4
  48   4   4
  49   3   3
  50   3   3
  51   4   4
  52   6   6
  53   2   2
  54   2   2
  55   3   3
  56   3   3
  57   2   2
  58   3   3
  59   3   3
  60   4   4
  61   4   4
  62   4   4
  63   4   4
  64   4   4
  65   4   4
  66   4   4
  67   4   4
  68   4   4
  69   4   4
  70   4   4
  71   4   4
  72   4   4
  73   4   4
  74   4   4
  75   4   4
  76   4   4
  77   4   4
  78   4   4
  79   4   4
  80   4   4
  81   4   4
  82   4   4
  83   4   4
  84   4   4
  85   4   4
  86   4   4
  87   4   4
  88   4   4
  89   4   4
  90   4   4
  91   4   4
  92   4   4
  93   4   4
  94   4   4
  95   4   4
  96   4   4
  97   4   4
  98   4   4
  99   4   4
 100   4   4
 101   4   4
 102   4   4
 103   4   4
 104   4   4
 105   4   4
 106   4   4
 107   4   4
 108   4   4
 109   4   4
 110   4   4
 111   4   4
 112   4   4
 113   4   4
 114   4   4
 115   4   4
 116   4   4
 117   4   4
 118   4   4
 119   4   4
 120   4   4
 121   4   4
 122   4   4
 123   3   3
 124   3   3
 125   2   2
 126   3   3
 127   2   2
 128   3   3
 129   2   2
 130   2   2
 131   3   3
 132   6   6
 133   6   6
 134   2   2
 135   2   2
 136   2   2
 137   2   2
 138   6   6
 139   2   2
 140   2   2
 141   2   2
 142   2   2
 143   3   3
 144   2   2
 145   2   2
 146   2   2
 147   2   2
 148   2   2
 149   2   2
 150   2   2
 151   3   3
 152   2   2
 153   5   5
 154   5   5
 155   5   5
 156   5   5
 157   5   5
 158   5   5
 159   5   5
 160   5   5
 161   5   5
 162   5   5
 163   5   5
 164   5   5
 165   5   5
 166   5   5
 167   5   5
 168   5   5
 169   5   5
 170   5   5
 171   5   5
 172   5   5
 173   5   5
 174   5   5
 175   5   5
 176   5   5
 177   5   5
 178   5   5
 179   5   5
 180   2   2
 181   2   2
 182   2   2
 183   2   2
 184   2   2
 185   2   2
 186   2   2
 187   2   2
 188   2   2
 189   2   2
 190   2   2
 191   2   2
 192   2   2
 193   2   2
 194   2   2
 195   2   2
 196   2   2
 197   2   2
 198   2   2
 199   2   2
 200   2   2
 201   2   2
 202   2   2
 203   2   2
 204   3   3
 205   3   3
 206   3   3
 207   3   3
 208   4   4
 209   4   4
 210   6   6
 211   2   2
 212   3   3
 213   6   6
 214   2   2
 215   2   2
 216   2   2
 217   2   2
 218   3   3
 219   3   3
 220   3   3
 221   3   3
 222   3   3
 223   3   3
 224   3   3
 225   4   4
 226   4   4
 227   3   3
 228   4   4
 229   3   3
 230   4   4
 231   4   4
 232   4   4
 233   4   4
 234   4   4
 235   4   4
 236   4   4
 237   4   4
 238   4   4
 239   4   4
 240   4   4
 241   4   4
 242   4   4
 243   4   4
 244   4   4
 245   4   4
 246   6   6
 247   6   6
 248   2   2
 249   3   3
 250   2   2
 251   6   6
 252   2   2
 253   2   2
 254   6   6
 255   6   6
 256   6   6
 257   2   2
 258   2   2
 259   2   2
 260   2   2
 261   2   2
 262   2   2
 263   2   2
 264   3   3
 265   3   3
 266   3   3
 267   4   4
 268   3   3
 269   4   4
 270   3   3
 271   3   3
 272   2   2
 273   3   3
 274   2   2
 275   4   4
 276   4   4
 277   3   3
 278   3   3
 279   4   4
 280   3   3
 281   4   4
 282   4   4
 283   4   4
 284   4   4
 285   4   4
 286   4   4
 287   4   4
 288   4   4
 289   4   4
 290   4   4
 291   4   4
 292   4   4
 293   4   4
 294   4   4
 295   4   4
 296   4   4
 297   4   4
 298   4   4
 299   6   6
 300   6   6
 301   2   2
 302   3   3
 303   2   2
 304   3   3
 305   3   3
 306   3   3
 307   3   3
 308   5   5
 309   5   5
 310   2   2
 311   2   2
 312   2   2
 313   5   5
 314   5   5
 315   5   5
 316   5   5
 317   5   5
 318   5   5
 319   5   5
 320   5   5
 321   5   5
 322   5   5
 323   5   5
 324   5   5
 325   5   5
 326   5   5
 327   5   5
 328   5   5
 329   5   5
 330   5   5
 331   5   5
 332   5   5
 333   5   5
 334   5   5
 335   2   2
 336   6   6
 337   2   2
 338   2   2
 339   2   2
 340   2   2
 341   2   2
 342   2   2
 343   2   2
 344   2   2
 345   2   2
 346   5   5
 347   2   2
 348   2   2
 349   5   5
 350   5   5
 351   5   5
 352   5   5
 353   5   5
 354   5   5
 355   5   5
 356   5   5
 357   2   2
 358   2   2
 359   2   2
 360   2   2
 361   2   2
 362   2   2
 363   2   2
 364   2   2
 365   2   2
 366   2   2
 367   2   2
 368   2   2
 369   2   2
 370   2   2
 371   2   2
 372   2   2
 373   2   2
 374   2   2
 375   2   2
 376   2   2
 377   6   6
 378   2   2
 379   2   2
 380   2   2
 381   2   2
 382   2   2
 383   2   2
 384   2   2
 385   3   3
 386   2   2
 387   2   2
 388   2   2
 389   2   2
 390   2   2
 391   2   2
 392   2   2
 393   6   6
 394   2   2
 395   2   2
 396   2   2
 397   2   2
 398   2   2
 399   2   2
 400   2   2
 401   2   2
 402   2   2
 403   2   2
 404   2   2
 405   2   2
 406   2   2
 407   2   2
 408   2   2
 409   2   2
 410   2   2
 411   2   2
 412   2   2
 413   6   6
 414   0   0
 415   0   0
 416   2   2
 417   2   2
 418   2   2
 419   2   2
 420   2   2
 421   6   6
 422   2   2
 423   2   2
 424   2   2
 425   2   2
 426   2   2
 427   2   2
 428   2   2
 429   2   2
 430   2   2
 431   2   2
 432   3   3
 433   2   2
 434   2   2
 435   2   2
 436   2   2
 437   2   2
 438   2   2
 439   2   2
 440   2   2
 441   2   2
 442   3   3
 443   2   2
 444   3   3
 445   2   2
 446   3   3
 447   3   3
 448   4   4
 449   4   4
 450   4   4
 451   4   4
 452   2   2
 453   2   2
 454   2   2
 455   3   3
 456   3   3
 457   6   6
 458   5   5
 459   5   5
 460   6   6
 461   6   6
 462   6   6
 463   5   5
 464   4   4
 465   4   4
 466   2   2
 467   3   3
 468   2   2
 469   4   4
 470   4   4
 471   4   4
 472   4   4
 473   4   4
 474   4   4
 475   4   4
 476   4   4
 477   4   4
 478   4   4
 479   4   4
 480   4   4
 481   4   4
 482   4   4
 483   4   4
 484   4   4
 485   4   4
 486   2   2
 487   3   3
 488   3   3
 489   2   2
 490   2   2
 491   2   2
 492   2   2
 493   6   6
 494   2   2
 495   2   2
 496   2   2
 497   6   6
 498   2   2
 499   2   2
 500   2   2
 501   2   2
 502   2   2
 503   6   6
 504   2   2
 505   2   2
 506   2   2
 507   2   2
 508   2   2
 509   2   2
 510   2   2
 511   2   2
 512   5   5
 513   5   5
 514   5   5
 515   5   5
 516   5   5
 517   5   5
 518   5   5
 519   5   5
 520   5   5
 521   5   5
 522   5   5
 523   5   5
 524   5   5
 525   5   5
 526   5   5
 527   5   5
 528   5   5
 529   5   5
 530   5   5
 531   5   5
 532   5   5
 533   5   5
 534   5   5
 535   0   0
 536   2   2
 537   2   2
 538   6   6
 539   0   0
 540   0   0
 541   0   0
 542   1   1
 543   2   2
 544   2   2
 545   2   2
 546   2   2
 547   1   1
 548   2   2
 549   2   2
 550   2   2
 551   2   2
 552   2   2
 553   2   2
 554   1   1
 555   2   2
 556   2   2
 557   2   2
 558   6   6
 559   0   0
 560   2   2
 561   1   1
 562   2   2
 563   6   6
 564   6   6
 565   2   2
 566   2   2
 567   2   2
 568   0   0
 569   0   0
 570   0   0
 571   1   1
 572   2   2
 573   2   2
 574   2   2
 575   2   2
 576   2   2
 577   2   2
 578   2   2
 579   2   2
 580   6   6
 581   1   1
 582   2   2
 583   0   0
 584   6   6
 585   0   0
 586   0   0
 587   0   0
 588   0   0
 589   6   6
 590   6   6
 591   6   6
 592   0   0
 593   0   0
 594   0   0
 595   0   0
 596   0   0
 597   0   0
 598   0   0
 599   6   6
 600   0   0
 601   1   1
 602   1   1
 603   1   1
 604   1   1
 605   6   6
 606   0   0
 607   6   6
 608   2   2
 609   2   2
 610   2   2
 611   2   2
 612   2   2
 613   2   2
 614   2   2
 615   2   2
 616   2   2
 617   2   2
 618   6   6
 619   6   6
 620   0   0
 621   0   0
 622   2   2
 623   2   2
 624   2   2
 625   2   2
 626   2   2
 627   2   2
 628   2   2
 629   2   2
 630   2   2
 631   2   2
 632   2   2
 633   2   2
 634   6   6
 635   6   6
 636   2   2
 637   2   2
 638   2   2
 639   2   2
 640   2   2
 641   3   3
 642   3   3
 643   2   2
 644   2   2
 645   2   2
 646   2   2
 647   2   2
 648   2   2
 649   2   2
 650   2   2
 651   2   2
 652   2   2
 653   3   3
 654   2   2
 655   3   3
 656   2   2
 657   3   3
 658   3   3
 659   2   2
 660   2   2
 661   2   2
 662   2   2
 663   5   5
 664   5   5
 665   5   5
 666   5   5
 667   5   5
 668   5   5
 669   5   5
 670   5   5
 671   5   5
 672   5   5
 673   5   5
 674   5   5
 675   5   5
 676   5   5
 677   5   5
 678   5   5
 679   5   5
 680   5   5
 681   5   5
 682   5   5
 683   5   5
 684   5   5
 685   5   5
 686   5   5
 687   5   5
 688   5   5
 689   5   5
 690   5   5
 691   5   5
 692   5   5
 693   5   5
 694   5   5
 695   5   5
 696   5   5
 697   5   5
 698   5   5
 699   5   5
 700   5   5
 701   5   5
 702   5   5
 703   5   5
 704   5   5
 705   5   5
 706   5   5
 707   5   5
 708   5   5
 709   5   5
 710   5   5
 711   6   6
 712   0   0
 713   6   6
 714   6   6
 715   2   2
 716   2   2
 717   0   0
 718   0   0
 719   0   0
 720   0   0
 721   2   2
 722   2   2
 723   2   2
 724   6   6
 725   1   1
 726   0   0
 727   2   2
 728   2   2
 729   2   2
 730   2   2
 731   2   2
 732   2   2
 733   2   2
 734   2   2
 735   2   2
 736   2   2
 737   2   2
 738   2   2
 739   2   2
 740   2   2
 741   2   2
 742   2   2
 743   2   2
 744   2   2
 745   2   2
 746   3   3
 747   2   2
 748   2   2
 749   2   2
 750   2   2
 751   4   4
 752   3   3
 753   3   3
 754   3   3
 755   3   3
 756   3   3
 757   4   4
 758   4   4
 759   4   4
 760   3   3
 761   4   4
 762   4   4
 763   3   3
 764   2   2
 765   3   3
 766   3   3
 767   3   3
 768   4   4
 769   3   3
 770   4   4
 771   4   4
 772   4   4
 773   4   4
 774   4   4
 775   4   4
 776   4   4
 777   4   4
 778   4   4
 779   4   4
 780   4   4
 781   4   4
 782   4   4
 783   4   4
 784   4   4
 785   4   4
 786   4   4
 787   4   4
 788   4   4
 789   4   4
 790   4   4
 791   4   4
 792   4   4
 793   4   4
 794   4   4
 795   4   4
 796   4   4
 797   4   4
 798   4   4
 799   4   4
 800   4   4
 801   4   4
 802   4   4
 803   4   4
 804   4   4
 805   4   4
 806   4   4
 807   4   4
 808   4   4
 809   4   4
 810   4   4
 811   4   4
 812   4   4
 813   4   4
 814   4   4
 815   4   4
 816   4   4
 817   4   4
 818   4   4
 819   4   4
 820   4   4
 821   3   3
 822   4   4
 823   4   4
 824   3   3
 825   3   3
 826   2   2
 827   2   2
 828   2   2
 829   5   5
 830   5   5
 831   5   5
 832   5   5
 833   5   5
 834   5   5
 835   5   5
 836   5   5
 837   5   5
 838   6   6
 839   2   2
 840   5   5
 841   5   5
 842   5   5
 843   5   5
 844   5   5
 845   5   5
 846   5   5
 847   5   5
 848   5   5
 849   5   5
 850   5   5
 851   2   2
 852   5   5
 853   5   5
 854   5   5
 855   5   5
 856   5   5
 857   5   5
 858   2   2
 859   5   5
 860   5   5
 861   2   2
 862   2   2
 863   2   2
 864   2   2
 865   2   2
 866   2   2
 867   2   2
 868   2   2
 869   2   2
 870   2   2
 871   2   2
 872   2   2
 873   6   6
 874   6   6
 875   1   1
 876   1   1
 877   1   1
 878   1   1
 879   1   1
 880   1   1
 881   0   0
 882   0   0
 883   0   0
 884   1   1
 885   1   1
 886   1   1
 887   2   2
 888   6   6
 889   6   6
 890   0   0
 891   0   0
 892   0   0
 893   0   0
 894   0   0
