1	0	6
2	0	6
3	0	6
4	0	6
5	6	6
6	6	6
7	6	6
8	6	6
9	6	6
10	6	6
11	6	6
12	6	6
13	6	6
14	6	6
15	6	6
16	6	6
17	6	6
18	6	6
19	0	0
20	0	0
21	1	1
22	1	1
23	1	1
24	1	1
25	1	1
26	2	2
27	2	6
28	2	2
29	2	2
30	2	2
31	1	1
32	2	2
33	6	6
34	2	2
35	1	1
36	2	2
37	2	2
38	2	2
39	2	6
40	2	2
41	2	2
42	2	6
43	2	6
44	2	6
45	2	6
46	2	6
47	2	6
48	2	6
49	2	6
50	3	6
51	3	6
52	3	6
53	3	6
54	3	6
55	3	6
56	3	6
57	6	6
58	6	6
59	0	6
60	6	6
61	1	6
62	1	2
63	1	6
64	1	2
65	2	2
66	2	2
67	2	2
68	2	2
69	2	6
70	2	6
71	2	6
72	2	6
73	3	6
74	3	6
75	3	6
76	4	6
77	4	6
78	4	6
79	4	6
80	4	6
81	4	6
82	2	6
83	4	6
84	4	6
85	4	6
86	4	6
87	4	6
88	4	6
89	4	6
90	4	6
91	4	6
92	4	6
93	4	6
94	4	6
95	4	6
96	4	6
97	4	6
98	4	6
99	4	6
100	4	6
101	4	6
102	4	6
103	4	6
104	4	6
105	4	6
106	4	6
107	4	6
108	4	6
109	4	6
110	4	6
111	4	6
112	4	6
113	4	6
114	4	6
115	4	6
116	4	6
117	4	6
118	4	6
119	4	6
120	4	6
121	4	6
122	4	6
123	6	6
124	6	6
125	0	6
126	6	6
127	1	1
128	1	1
129	2	2
130	2	6
131	2	6
132	2	2
133	2	2
134	2	2
135	2	2
136	2	2
137	2	2
138	2	2
139	2	2
140	2	2
141	3	2
142	2	2
143	2	2
144	3	3
145	2	2
146	2	2
147	2	2
148	2	2
149	2	2
150	2	2
151	1	1
152	1	1
153	1	6
154	6	6
155	1	6
156	1	1
157	2	2
158	2	2
159	2	2
160	2	6
161	1	1
162	1	1
163	2	2
164	2	2
165	5	5
166	5	5
167	5	5
168	5	5
169	5	6
170	5	5
171	5	5
172	5	5
173	5	6
174	6	6
175	5	5
176	5	5
177	5	5
178	5	5
179	6	6
180	5	6
181	5	5
182	5	5
183	5	5
184	5	6
185	6	6
186	1	5
187	1	6
188	1	6
189	1	6
190	2	2
191	2	2
192	2	2
193	2	2
194	2	2
195	2	2
196	2	6
197	2	6
198	6	6
199	1	6
200	1	6
201	2	6
202	2	2
203	2	2
204	2	2
205	0	6
206	2	2
207	2	2
208	2	2
209	2	2
210	2	2
211	2	6
212	6	6
213	2	2
214	2	2
215	3	3
216	3	3
217	2	6
218	3	2
219	3	2
220	2	2
221	3	2
222	4	6
223	3	3
224	3	2
225	4	4
226	4	3
227	4	6
228	3	3
229	6	6
230	1	6
231	0	6
232	6	6
233	6	6
234	0	6
235	0	2
236	0	6
237	0	6
238	6	6
239	1	6
240	1	6
241	2	2
242	2	2
243	2	2
244	2	2
245	2	2
246	2	2
247	2	2
248	2	2
249	2	2
250	2	2
251	2	2
252	2	2
253	2	3
254	2	6
255	2	2
256	2	6
257	3	2
258	3	4
259	3	4
260	3	2
261	3	3
262	3	3
263	4	4
264	4	4
265	4	3
266	3	3
267	4	4
268	4	4
269	4	3
270	4	4
271	4	6
272	4	4
273	4	4
274	4	3
275	4	4
276	4	3
277	4	4
278	4	4
279	4	3
280	4	4
281	4	4
282	4	4
283	4	4
284	4	3
285	4	4
286	4	4
287	4	4
288	4	4
289	4	4
290	4	4
291	4	4
292	4	4
293	4	4
294	4	4
295	4	4
296	4	4
297	4	4
298	4	4
299	4	4
300	4	4
301	4	4
302	4	4
303	4	4
304	4	4
305	4	4
306	4	4
307	4	4
308	4	4
309	4	3
310	4	4
311	4	4
312	4	4
313	4	4
314	4	4
315	4	4
316	4	4
317	4	4
318	4	4
319	3	3
320	3	3
321	4	3
322	4	4
323	4	4
324	4	4
325	4	4
326	4	4
327	4	4
328	4	4
329	4	4
330	4	3
331	4	3
332	4	3
333	4	3
334	4	4
335	4	4
336	4	4
337	4	4
338	4	4
339	4	4
340	4	4
341	4	4
342	4	4
343	4	4
344	6	6
345	2	6
346	2	6
347	2	6
348	1	1
349	6	6
350	0	6
351	0	6
352	2	2
353	2	2
354	2	2
355	5	2
356	5	5
357	5	5
358	5	5
359	5	5
360	5	5
361	5	5
362	5	5
363	5	5
364	5	6
365	5	5
366	5	5
367	5	6
368	5	5
369	5	5
370	5	5
371	5	5
372	5	5
373	5	6
374	5	6
375	5	5
376	5	5
377	5	5
378	5	5
379	5	5
380	5	5
381	5	5
382	5	5
383	5	5
384	5	5
385	5	5
386	5	5
387	5	5
388	5	5
389	5	5
390	5	5
391	5	5
392	5	5
393	5	5
394	5	5
395	5	5
396	6	6
397	1	6
398	1	6
399	1	2
400	1	2
401	5	2
402	5	5
403	5	5
404	5	5
405	5	5
406	5	5
407	5	5
408	5	5
409	5	5
410	5	5
411	5	5
412	5	5
413	5	5
414	5	5
415	5	5
416	5	5
417	5	6
418	5	5
419	6	6
420	1	6
421	1	6
422	2	2
423	0	6
424	0	6
425	2	2
426	2	2
427	2	2
428	2	2
429	2	6
430	2	2
431	2	2
432	2	2
433	1	6
434	2	2
435	2	2
436	2	2
437	2	2
438	2	2
439	2	2
440	2	2
441	2	2
442	2	2
443	2	2
444	2	2
445	2	2
446	2	2
447	2	2
448	2	6
449	2	2
450	2	2
451	2	2
452	2	2
453	2	2
454	2	2
455	2	2
456	2	2
457	2	2
458	2	2
459	2	2
460	2	2
461	2	2
462	2	2
463	2	2
464	2	2
465	2	2
466	2	2
467	2	2
468	2	2
469	2	2
470	2	2
471	3	2
472	3	6
473	2	6
474	2	2
475	2	2
476	6	6
477	2	2
478	2	2
479	2	2
480	2	2
481	2	2
482	2	2
483	2	2
484	2	2
485	2	2
486	2	2
487	2	2
488	2	2
489	2	2
490	2	2
491	2	2
492	2	2
493	6	6
494	1	6
495	2	2
496	2	2
497	2	2
498	2	2
499	2	2
500	2	6
501	2	2
502	2	2
503	2	2
504	2	2
505	2	2
506	3	6
507	2	2
508	2	2
509	2	2
510	2	2
511	6	6
512	0	6
513	0	6
514	6	6
515	2	2
516	2	6
517	2	2
518	6	6
519	1	1
520	2	2
521	2	6
522	0	6
523	0	6
524	0	6
525	0	0
526	6	6
527	1	0
528	1	0
529	1	1
530	2	6
531	1	1
532	1	1
533	2	2
534	2	2
535	2	2
536	2	6
537	2	2
538	5	5
539	5	5
540	5	5
541	5	5
542	5	5
543	5	5
544	5	5
545	5	5
546	5	5
547	5	5
548	5	6
549	5	6
550	5	5
551	5	5
552	5	5
553	5	5
554	5	5
555	5	6
556	5	5
557	5	5
558	5	5
559	5	5
560	5	6
561	5	6
562	5	6
563	5	5
564	5	5
565	0	6
566	0	0
567	0	1
568	0	6
569	0	6
570	6	6
571	1	6
572	1	1
573	1	1
574	1	1
575	1	1
576	0	6
577	0	6
578	1	1
579	1	1
580	1	6
581	0	6
582	0	6
583	1	1
584	1	6
585	1	1
586	1	6
587	1	6
588	0	6
589	0	0
590	0	0
591	1	0
592	1	0
593	1	6
594	0	6
595	0	6
596	0	0
597	1	6
598	1	6
599	6	6
600	0	6
601	0	6
602	0	0
603	0	6
604	0	0
605	0	0
606	0	0
607	0	0
608	0	6
609	0	6
610	0	6
611	6	6
612	0	6
613	6	6
614	6	6
615	0	6
616	0	6
617	6	6
618	0	6
619	6	6
620	6	6
621	6	6
622	6	6
623	6	6
624	6	6
625	6	6
626	6	6
627	6	6
628	6	6
629	6	6
630	6	6
631	6	6
632	6	6
633	6	6
634	6	6
635	6	6
636	6	6
637	6	6
638	6	6
639	0	6
640	0	6
641	6	6
642	6	6
643	6	6
644	6	6
645	6	6
646	0	6
647	0	6
648	6	6
649	0	6
650	0	6
651	0	6
652	0	6
653	0	6
654	0	6
655	0	6
656	0	6
657	0	6
658	0	6
659	0	0
660	0	0
661	0	0
662	0	0
663	0	6
664	0	0
665	0	0
666	0	0
667	1	1
668	1	1
669	0	0
670	0	0
671	0	0
672	0	0
673	0	0
674	1	0
675	0	0
676	0	0
677	6	6
678	0	6
679	0	6
680	0	0
681	0	0
682	1	0
683	0	0
684	0	0
685	0	0
686	0	0
687	0	6
688	0	6
689	0	6
690	6	6
691	0	0
692	0	0
693	0	0
694	0	0
695	0	0
696	0	0
697	1	1
698	1	1
699	1	1
700	1	1
701	1	1
702	1	1
703	1	1
704	1	1
705	1	1
706	1	6
707	0	0
708	1	1
709	1	6
710	1	1
711	1	1
712	1	1
713	1	1
714	1	6
715	6	6
716	1	6
717	1	1
718	2	2
719	2	6
720	2	2
721	2	2
722	2	2
723	2	2
724	2	2
725	2	2
726	2	2
727	2	2
728	2	2
729	2	2
730	2	2
731	2	2
732	2	2
733	2	2
734	2	2
735	2	2
736	2	2
737	2	2
738	2	2
739	2	2
740	5	5
741	5	5
742	5	5
743	5	5
744	5	5
745	5	5
746	6	6
747	5	5
748	5	5
749	5	5
750	5	5
751	5	6
752	5	6
753	5	6
754	5	5
755	6	6
756	5	5
757	5	5
758	5	6
759	5	5
760	5	5
761	5	5
762	5	5
763	5	5
764	5	6
765	5	6
766	5	6
767	5	6
768	0	6
769	0	6
770	1	6
771	6	6
772	1	1
773	1	1
774	1	1
775	1	1
776	1	1
777	6	6
778	1	2
779	2	2
780	2	2
781	2	2
782	2	6
783	2	6
784	2	6
785	2	1
786	2	1
787	2	6
788	2	2
789	2	2
790	2	2
791	2	2
792	2	2
793	2	2
794	2	2
795	2	2
796	2	2
797	2	2
798	2	2
799	2	2
800	2	2
801	2	2
802	2	6
803	2	2
804	2	2
805	2	2
806	2	2
807	2	2
808	2	2
809	2	2
810	6	6
811	2	2
812	2	2
813	2	2
814	2	2
815	2	2
816	2	2
817	2	2
818	2	2
819	2	2
820	2	2
821	2	2
822	3	3
823	2	2
824	2	2
825	3	3
826	3	3
827	4	4
828	4	4
829	4	4
830	6	6
831	0	6
832	6	6
833	6	6
834	1	1
835	1	1
836	1	6
837	6	6
838	6	6
839	0	6
840	7	0
841	7	0
842	7	1
843	7	1
844	7	6
845	7	6
846	7	6
847	7	6
848	7	6
849	7	1
850	7	1
851	7	1
852	7	1
853	7	1
854	7	2
855	7	2
856	7	2
857	7	2
858	7	7
