1	6	7
2	6	7
3	6	7
4	6	7
5	6	7
6	6	7
7	6	7
8	6	7
9	6	7
10	6	7
11	6	7
12	6	7
13	6	7
14	6	7
15	6	7
16	6	7
17	6	7
18	6	7
19	6	7
20	6	7
21	6	7
22	6	7
23	6	7
24	6	7
25	0	7
26	0	7
27	0	7
28	0	7
29	6	7
30	0	7
31	0	7
32	0	7
33	0	7
34	0	7
35	0	7
36	0	7
37	0	7
38	0	7
39	0	7
40	0	7
41	1	7
42	1	7
43	1	7
44	1	7
45	1	7
46	1	7
47	1	7
48	1	7
49	2	7
50	2	7
51	2	7
52	2	7
53	2	7
54	2	7
55	2	7
56	2	7
57	2	7
58	2	7
59	2	7
60	2	7
61	2	7
62	2	7
63	2	7
64	2	7
65	3	7
66	2	7
67	2	7
68	2	7
69	3	7
70	2	7
71	2	7
72	3	7
73	3	7
74	4	7
75	3	7
76	4	7
77	4	7
78	4	7
79	4	7
80	1	7
81	2	7
82	2	7
83	2	7
84	2	7
85	3	7
86	2	7
87	2	7
88	2	7
89	2	7
90	2	7
91	4	7
92	4	7
93	4	7
94	4	7
95	4	7
96	4	7
97	4	7
98	4	7
99	4	7
100	4	7
101	4	7
102	4	7
103	4	7
104	4	7
105	3	7
106	3	7
107	2	7
108	2	7
109	2	7
110	3	7
111	2	7
112	2	7
113	4	7
114	2	7
115	3	7
116	3	7
117	4	7
118	3	7
119	3	7
120	4	7
121	4	7
122	4	7
123	1	7
124	1	7
125	2	7
126	2	7
127	2	7
128	2	7
129	2	7
130	2	7
131	2	7
132	2	7
133	2	7
134	3	7
135	3	7
136	2	7
137	3	7
138	2	7
139	3	7
140	2	7
141	2	7
142	2	7
143	2	7
144	2	7
145	2	7
146	2	7
147	2	7
148	2	7
149	2	7
150	2	7
151	2	7
152	1	7
153	6	7
154	1	7
155	1	7
156	2	7
157	1	7
158	1	7
159	1	7
160	2	7
161	2	7
162	2	7
163	2	7
164	2	7
165	2	7
166	2	7
167	2	7
168	2	7
169	2	7
170	2	7
171	2	7
172	2	7
173	2	7
174	2	7
175	2	7
176	2	7
177	2	7
178	2	7
179	2	7
180	2	7
181	2	7
182	2	7
183	4	7
184	2	7
185	3	7
186	2	7
187	2	7
188	3	7
189	2	7
190	2	7
191	2	7
192	2	7
193	3	7
194	3	7
195	2	7
196	2	7
197	3	7
198	3	7
199	3	7
200	3	7
201	4	7
202	4	7
203	4	7
204	4	7
205	4	7
206	4	7
207	2	7
208	2	7
209	3	7
210	3	7
211	6	7
212	1	7
213	2	7
214	2	7
215	2	7
216	2	7
217	2	7
218	2	7
219	2	7
220	2	7
221	2	7
222	2	7
223	2	7
224	2	7
225	2	7
226	2	7
227	2	7
228	2	7
229	2	7
230	2	7
231	2	7
232	2	7
233	2	7
234	2	7
235	2	7
236	2	7
237	2	7
238	2	7
239	2	7
240	2	7
241	2	7
242	2	7
243	6	7
244	0	7
245	1	7
246	1	7
247	1	7
248	2	7
249	2	7
250	2	7
251	2	7
252	2	7
253	2	7
254	2	7
255	2	7
256	2	7
257	2	7
258	2	7
259	2	7
260	2	7
261	2	7
262	2	7
263	2	7
264	3	7
265	2	7
266	2	7
267	3	7
268	2	7
269	2	7
270	3	7
271	4	7
272	4	7
273	3	7
274	2	7
275	3	7
276	3	7
277	4	7
278	4	7
279	4	7
280	4	7
281	4	7
282	4	7
283	3	7
284	2	7
285	2	7
286	2	7
287	2	7
288	2	7
289	2	7
290	0	7
291	1	7
292	1	7
293	2	7
294	2	7
295	2	7
296	1	7
297	2	7
298	2	7
299	2	7
300	2	7
301	2	7
302	2	7
303	2	7
304	2	7
305	2	7
306	2	7
307	2	7
308	2	7
309	2	7
310	2	7
311	0	7
312	1	7
313	1	7
314	2	7
315	2	7
316	2	7
317	5	7
318	5	7
319	5	7
320	5	7
321	5	7
322	5	7
323	5	7
324	5	7
325	5	7
326	5	7
327	5	7
328	5	7
329	5	7
330	5	7
331	5	7
332	5	7
333	5	7
334	5	7
335	5	7
336	5	7
337	5	7
338	5	7
339	5	7
340	5	7
341	5	7
342	5	7
343	5	7
344	5	7
345	5	7
346	5	7
347	5	7
348	5	7
349	5	7
350	5	7
351	5	7
352	5	7
353	5	7
354	5	7
355	5	7
356	5	7
357	5	7
358	5	7
359	5	7
360	5	7
361	5	7
362	5	7
363	5	7
364	5	7
365	5	7
366	5	7
367	5	7
368	5	7
369	5	7
370	5	7
371	5	7
372	5	7
373	6	7
374	1	7
375	1	7
376	1	7
377	2	7
378	2	7
379	2	7
380	2	7
381	2	7
382	2	7
383	2	7
384	2	7
385	2	7
386	2	7
387	2	7
388	2	7
389	2	7
390	2	7
391	2	7
392	2	7
393	2	7
394	2	7
395	2	7
396	2	7
397	2	7
398	2	7
399	2	7
400	2	7
401	2	7
402	2	7
403	2	7
404	2	7
405	2	7
406	6	7
407	6	7
408	0	7
409	0	7
410	1	7
411	2	7
412	2	7
413	2	7
414	2	7
415	2	7
416	2	7
417	2	7
418	2	7
419	2	7
420	2	7
421	2	7
422	2	7
423	2	7
424	3	7
425	2	7
426	2	7
427	2	7
428	3	7
429	3	7
430	2	7
431	3	7
432	4	7
433	3	7
434	2	7
435	2	7
436	2	7
437	2	7
438	2	7
439	2	7
440	2	7
441	2	7
442	2	7
443	2	7
444	2	7
445	2	7
446	2	7
447	1	7
448	1	7
449	1	7
450	1	7
451	2	7
452	2	7
453	2	7
454	2	7
455	2	7
456	2	7
457	2	7
458	0	7
459	6	7
460	1	7
461	1	7
462	2	7
463	2	7
464	2	7
465	2	7
466	2	7
467	2	7
468	2	7
469	2	7
470	2	7
471	2	7
472	2	7
473	2	7
474	2	7
475	2	7
476	2	7
477	2	7
478	2	7
479	2	7
480	2	7
481	2	7
482	2	7
483	2	7
484	2	7
485	2	7
486	2	7
487	2	7
488	2	7
489	2	7
490	2	7
491	2	7
492	2	7
493	6	7
494	1	7
495	1	7
496	2	7
497	2	7
498	2	7
499	2	7
500	2	7
501	2	7
502	2	7
503	2	7
504	2	7
505	2	7
506	5	7
507	5	7
508	5	7
509	5	7
510	5	7
511	5	7
512	5	7
513	5	7
514	5	7
515	5	7
516	5	7
517	5	7
518	5	7
519	5	7
520	5	7
521	5	7
522	5	7
523	5	7
524	5	7
525	5	7
526	5	7
527	5	7
528	5	7
529	5	7
530	5	7
531	5	7
532	5	7
533	5	7
534	5	7
535	5	7
536	5	7
537	5	7
538	5	7
539	5	7
540	5	7
541	5	7
542	5	7
543	5	7
545	5	7
546	5	7
547	5	7
548	5	7
549	5	7
550	5	7
551	5	7
552	5	7
553	5	7
554	5	7
555	5	7
556	5	7
557	5	7
558	5	7
559	5	7
560	5	7
561	6	7
562	1	7
563	1	7
564	2	7
565	2	7
566	2	7
567	2	7
568	2	7
569	2	7
570	2	7
571	2	7
572	2	7
573	2	7
574	2	7
575	2	7
576	2	7
577	2	7
578	2	7
579	2	7
580	2	7
581	2	7
582	2	7
583	2	7
584	2	7
585	2	7
586	2	7
587	2	7
588	2	7
589	2	7
590	2	7
591	2	7
592	2	7
593	3	7
594	2	7
595	2	7
596	3	7
597	2	7
598	4	7
599	2	7
600	3	7
601	3	7
602	3	7
603	4	7
604	4	7
605	3	7
606	4	7
607	3	7
608	4	7
609	3	7
610	3	7
611	3	7
612	3	7
613	3	7
614	4	7
615	2	7
616	2	7
617	2	7
618	2	7
619	2	7
620	3	7
621	3	7
622	2	7
623	2	7
624	3	7
625	3	7
626	3	7
627	2	7
628	3	7
629	2	7
630	2	7
631	3	7
632	2	7
633	2	7
634	2	7
635	3	7
636	3	7
637	4	7
638	3	7
639	3	7
640	3	7
641	3	7
642	3	7
643	3	7
644	3	7
645	3	7
646	4	7
647	4	7
648	6	7
649	1	7
650	1	7
651	1	7
652	2	7
653	2	7
654	2	7
655	2	7
656	2	7
657	2	7
658	2	7
659	2	7
660	2	7
661	2	7
662	2	7
663	2	7
664	0	7
665	0	7
666	0	7
667	0	7
668	2	7
669	2	7
670	2	7
671	2	7
672	2	7
673	2	7
674	2	7
675	2	7
676	2	7
677	2	7
678	2	7
679	2	7
680	2	7
681	2	7
682	2	7
683	2	7
684	2	7
685	2	7
686	2	7
687	2	7
688	2	7
689	2	7
690	2	7
691	2	7
692	2	7
693	6	7
694	1	7
695	1	7
696	2	7
697	2	7
698	2	7
699	2	7
700	2	7
701	2	7
702	2	7
703	2	7
704	2	7
705	2	7
706	5	7
707	5	7
708	5	7
709	5	7
710	5	7
711	5	7
712	5	7
713	5	7
714	5	7
715	5	7
716	5	7
717	5	7
718	5	7
719	5	7
720	5	7
721	5	7
722	5	7
723	5	7
724	5	7
725	5	7
726	5	7
727	5	7
728	5	7
729	5	7
730	5	7
731	5	7
732	5	7
733	5	7
734	1	7
735	1	7
736	1	7
737	1	7
738	2	7
739	2	7
740	2	7
741	2	7
742	2	7
743	2	7
744	6	7
745	6	7
746	6	7
747	0	7
748	1	7
749	1	7
750	1	7
751	1	7
752	1	7
753	2	7
754	2	7
755	2	7
756	2	7
757	2	7
758	2	7
759	2	7
760	2	7
761	2	7
762	2	7
763	2	7
764	2	7
765	6	7
766	6	7
767	0	7
768	0	7
769	1	7
770	1	7
771	1	7
772	1	7
773	1	7
774	1	7
775	1	7
776	1	7
777	2	7
778	2	7
779	2	7
780	2	7
781	2	7
782	2	7
783	2	7
784	2	7
785	2	7
786	2	7
787	2	7
788	2	7
789	2	7
790	2	7
791	2	7
792	2	7
793	2	7
794	2	7
795	2	7
796	2	7
797	2	7
798	2	7
799	2	7
800	2	7
801	2	7
802	2	7
803	2	7
804	2	7
805	2	7
806	2	7
807	2	7
808	2	7
809	2	7
810	2	7
811	2	7
812	2	7
813	2	7
814	2	7
815	2	7
816	2	7
817	2	7
818	2	7
819	2	7
820	2	7
821	2	7
822	2	7
823	2	7
824	2	7
825	2	7
826	2	7
827	2	7
828	2	7
829	2	7
830	2	7
831	2	7
832	2	7
833	2	7
834	2	7
835	3	7
836	2	7
837	2	7
838	3	7
839	2	7
840	6	7
841	1	7
842	2	7
843	2	7
844	2	7
845	2	7
846	2	7
847	2	7
848	2	7
849	2	7
850	2	7
851	2	7
852	5	7
853	5	7
854	5	7
855	5	7
856	5	7
857	5	7
858	5	7
859	5	7
860	5	7
861	5	7
862	5	7
863	5	7
864	5	7
865	5	7
866	5	7
867	5	7
868	5	7
869	5	7
870	5	7
871	5	7
872	5	7
873	5	7
874	5	7
875	5	7
876	5	7
877	5	7
878	5	7
879	5	7
880	5	7
881	5	7
882	5	7
883	5	7
884	5	7
885	5	7
886	5	7
887	5	7
888	5	7
889	5	7
890	5	7
891	5	7
892	5	7
893	5	7
894	5	7
895	5	7
896	5	7
897	5	7
898	5	7
899	5	7
900	5	7
901	5	7
902	5	7
903	5	7
904	5	7
905	5	7
906	5	7
907	5	7
908	5	7
909	5	7
910	0	7
911	1	7
912	1	7
913	1	7
914	1	7
915	1	7
916	1	7
917	1	7
918	2	7
919	2	7
920	2	7
921	2	7
922	2	7
923	2	7
924	2	7
925	2	7
926	2	7
927	2	7
928	2	7
929	2	7
930	2	7
931	6	7
932	0	7
933	0	7
934	1	7
935	1	7
936	2	7
937	2	7
938	1	7
939	6	7
940	1	7
941	2	7
942	2	7
943	2	7
944	2	7
945	2	7
946	2	7
947	2	7
948	2	7
949	2	7
950	2	7
951	2	7
952	2	7
953	2	7
954	2	7
955	2	7
956	2	7
957	2	7
958	2	7
959	2	7
960	2	7
961	2	7
962	2	7
963	2	7
964	2	7
965	2	7
966	2	7
967	2	7
968	2	7
969	2	7
970	2	7
971	2	7
972	2	7
973	2	7
974	2	7
975	2	7
976	2	7
977	2	7
978	2	7
979	2	7
980	2	7
981	2	7
982	2	7
983	2	7
984	2	7
985	2	7
986	2	7
987	2	7
988	2	7
989	2	7
990	2	7
991	2	7
992	2	7
993	2	7
994	3	7
995	2	7
996	2	7
997	2	7
998	2	7
999	2	7
1000	2	7
1001	3	7
1002	2	7
1003	0	7
1004	1	7
1005	1	7
1006	2	7
1007	2	7
1008	2	7
1009	2	7
1010	2	7
1011	2	7
1012	2	7
1013	2	7
1014	2	7
1015	5	7
1016	5	7
1017	5	7
1018	5	7
1019	5	7
1020	5	7
1021	5	7
1022	5	7
1023	5	7
1024	5	7
1025	5	7
1026	5	7
1027	5	7
1028	5	7
1029	5	7
1030	5	7
1031	5	7
1032	5	7
1033	5	7
1034	5	7
1035	5	7
1036	5	7
1037	5	7
1038	5	7
1039	5	7
1040	5	7
1041	5	7
1042	5	7
1043	5	7
1044	5	7
1045	5	7
1046	5	7
1047	5	7
1048	5	7
1049	5	7
1050	5	7
1051	5	7
1052	5	7
1053	5	7
1054	5	7
1055	5	7
1056	5	7
1057	5	7
1058	5	7
1059	6	7
1060	6	7
1061	6	7
0	7	7
