1	6	6
2	6	6
3	0	0
4	0	0
5	0	6
6	0	0
7	6	6
8	6	6
9	6	6
10	0	6
11	0	0
12	0	6
13	0	0
14	0	0
15	0	0
16	0	0
17	0	0
18	0	0
19	1	1
20	1	1
21	1	1
22	2	6
23	1	6
24	2	6
25	2	2
26	2	2
27	2	2
28	2	2
29	2	2
30	2	2
31	2	2
32	2	2
33	6	6
34	0	6
35	0	0
36	0	6
37	0	0
38	1	1
39	1	1
40	1	1
41	1	1
42	2	2
43	2	2
44	2	2
45	2	6
46	2	2
47	2	2
48	2	2
49	2	2
50	2	6
51	2	2
52	2	2
53	3	3
54	3	3
55	3	3
56	3	3
57	4	4
58	4	4
59	4	4
60	6	6
61	6	6
62	6	6
63	2	2
64	2	6
65	2	2
66	2	2
67	2	2
68	2	6
69	2	2
70	2	2
71	2	2
72	2	2
73	2	2
74	2	2
75	2	2
76	2	2
77	2	2
78	3	3
79	3	3
80	3	3
81	4	4
82	4	4
83	4	4
84	4	4
85	4	4
86	4	4
87	4	6
88	6	6
89	0	6
90	2	2
91	2	2
92	2	6
93	2	2
94	2	2
95	3	3
96	2	2
97	2	6
98	6	6
99	6	6
100	6	6
101	1	1
102	1	1
103	2	2
104	2	2
105	2	2
106	2	2
107	2	2
108	2	2
109	2	2
110	2	6
111	6	6
112	6	6
113	6	6
114	6	6
115	6	6
116	6	6
117	0	0
118	0	0
119	1	1
120	1	1
121	1	1
122	1	6
123	6	6
124	6	6
125	6	6
126	6	6
127	6	6
128	0	6
129	0	0
130	0	0
131	0	0
132	0	0
133	0	0
134	0	0
135	0	6
136	0	6
137	0	0
138	0	6
139	6	6
140	0	6
141	0	6
142	0	6
143	0	0
144	0	0
145	0	0
146	6	6
147	6	6
148	0	6
149	0	0
150	0	6
151	0	0
152	0	0
153	0	0
154	0	0
155	0	0
156	0	6
157	0	6
158	0	6
159	0	6
160	0	0
161	0	0
162	0	0
163	0	0
164	0	0
165	0	0
166	6	6
167	6	6
168	6	6
169	0	6
170	0	0
171	0	0
172	0	6
173	6	6
174	6	6
175	0	6
176	0	0
177	0	6
178	0	6
179	0	0
180	0	6
181	0	6
182	0	0
183	0	0
184	0	0
185	1	1
186	1	6
187	0	6
188	0	6
189	1	1
190	0	6
191	1	1
192	0	6
193	0	6
194	0	0
195	0	6
196	0	6
197	0	6
198	0	6
199	1	1
200	1	1
201	1	1
202	1	6
203	1	1
204	6	6
205	6	6
206	1	1
207	0	6
208	0	6
209	1	1
210	0	6
211	0	6
212	1	6
213	1	6
214	1	1
215	6	6
216	0	6
217	0	6
218	1	1
219	6	6
220	1	1
221	0	6
222	0	6
223	1	6
224	0	6
225	0	6
226	1	6
227	1	1
228	1	6
229	1	1
230	1	6
231	1	6
232	0	6
233	0	6
234	1	1
235	1	6
236	6	6
237	1	1
238	2	6
239	2	6
240	2	6
241	2	6
242	2	6
243	2	6
244	2	2
245	2	2
246	2	2
247	2	2
248	2	6
249	6	6
250	2	2
251	2	6
252	2	2
253	0	6
254	0	6
255	0	6
256	0	6
257	6	6
258	6	6
259	6	6
260	6	6
261	0	6
262	0	0
263	1	1
264	1	1
265	1	1
266	2	2
267	2	2
268	2	2
269	2	2
270	2	2
271	2	2
272	2	2
273	2	2
274	2	2
275	2	2
276	3	3
277	3	3
278	3	3
279	3	6
280	2	2
281	2	2
282	2	2
283	3	3
284	2	2
285	2	2
286	2	2
287	0	5
288	0	6
289	1	1
290	2	2
291	2	2
292	0	6
293	5	5
294	5	5
295	5	5
296	5	6
297	5	5
298	5	5
299	5	5
300	0	6
301	1	1
302	1	1
303	2	2
304	2	2
305	2	2
306	2	2
307	2	2
308	2	2
309	2	2
310	2	2
311	2	2
312	2	2
313	2	2
314	2	2
315	2	2
316	2	2
317	3	3
318	2	2
319	3	3
320	2	2
321	2	2
322	2	2
323	2	6
324	2	2
325	2	2
326	2	2
327	2	2
328	0	6
329	1	6
330	2	2
331	2	2
332	2	2
333	2	6
334	2	2
335	2	2
336	3	3
337	3	3
338	3	3
339	4	4
340	3	3
341	4	4
342	4	4
343	4	4
344	4	4
345	4	4
346	4	4
347	4	6
348	4	4
349	4	6
350	4	6
351	4	6
352	4	4
353	4	6
354	4	6
355	4	6
356	4	6
357	3	6
358	4	4
359	4	6
360	4	6
361	4	6
362	4	6
363	4	6
364	4	6
365	4	6
366	4	6
367	4	4
368	4	4
369	4	6
370	4	4
371	4	4
372	4	6
373	3	6
374	4	6
375	4	4
376	4	6
377	4	6
378	4	6
379	4	6
380	4	6
381	4	6
382	4	6
383	4	6
384	4	6
385	4	6
386	4	6
387	4	6
388	4	6
389	4	6
390	4	6
391	4	6
392	4	6
393	4	6
394	4	6
395	4	6
396	4	6
397	4	6
398	4	6
399	4	6
400	4	6
401	4	6
402	4	6
403	4	4
404	4	6
405	4	6
406	3	6
407	4	6
408	4	6
409	4	4
410	4	6
411	4	4
412	3	6
413	4	6
414	4	6
415	3	6
416	4	6
417	4	6
418	4	6
419	4	6
420	4	6
421	2	2
422	5	5
423	5	5
424	5	6
425	5	5
426	5	5
427	5	5
428	5	6
429	5	5
430	0	6
431	0	0
432	1	1
433	1	1
434	2	2
435	2	2
436	2	2
437	2	2
438	2	2
439	2	2
440	2	2
441	2	2
442	2	6
443	2	2
444	2	2
445	2	2
446	2	6
447	2	2
448	2	6
449	2	2
450	2	2
451	2	2
452	2	2
453	2	6
454	2	6
455	2	2
456	2	6
457	2	6
458	2	2
459	2	2
460	2	6
461	1	6
462	0	6
463	0	6
464	0	6
465	2	6
466	2	6
467	2	6
468	2	6
469	2	6
470	2	6
471	6	6
472	6	6
473	0	6
474	0	6
475	0	6
476	0	6
477	2	6
478	2	6
479	2	6
480	1	6
481	1	6
482	2	6
483	2	6
484	0	6
485	0	6
486	6	6
487	6	6
488	0	6
489	0	6
490	0	6
491	0	6
492	0	6
493	6	6
494	6	6
495	0	6
496	0	6
497	0	6
498	1	6
499	1	6
500	0	6
501	0	6
502	1	6
503	1	6
504	1	6
505	1	6
506	1	1
507	1	6
508	1	6
509	1	6
510	1	1
511	1	6
512	1	6
513	1	1
514	0	6
515	0	6
516	0	6
517	0	6
518	0	6
519	0	6
520	0	6
521	0	6
522	2	6
523	2	6
524	2	6
525	2	6
526	2	6
527	2	6
528	2	6
529	2	6
530	2	6
531	6	6
532	1	6
533	7	6
534	7	6
535	7	6
536	2	6
537	7	6
538	6	6
539	6	6
540	0	6
541	0	6
542	2	6
543	2	6
544	2	6
545	2	6
546	2	6
547	1	6
548	2	6
549	1	6
550	1	6
551	1	6
552	1	6
553	1	6
554	2	6
555	2	6
556	2	6
557	2	6
558	2	6
559	2	6
560	2	6
561	6	6
562	0	6
563	0	6
564	0	6
565	1	6
566	1	6
567	1	6
568	2	6
569	2	6
570	2	6
571	2	6
572	0	6
573	6	6
574	0	6
575	2	6
576	2	6
577	2	6
578	2	6
579	2	6
580	2	6
581	2	6
582	2	6
583	2	6
584	2	6
585	2	6
586	2	6
587	2	6
588	2	6
589	2	2
590	2	2
591	2	1
592	2	6
593	2	6
594	0	6
595	0	0
596	1	1
597	1	1
598	1	1
599	1	1
600	1	1
601	1	1
602	0	0
603	5	6
604	5	6
605	5	6
606	5	6
607	5	6
608	5	6
609	5	6
610	5	6
611	5	6
612	0	0
613	1	1
614	1	1
615	5	6
616	5	6
617	5	6
618	0	0
619	1	1
620	5	6
621	5	6
622	5	1
623	5	1
624	5	1
625	0	6
626	0	0
627	0	0
628	1	1
629	1	1
630	1	1
631	1	1
632	7	6
633	7	6
634	7	6
635	7	6
636	0	0
637	1	1
638	1	1
639	1	6
640	1	1
641	1	1
642	1	1
643	1	1
644	2	2
645	2	2
646	2	2
647	2	2
648	2	2
649	2	2
650	2	6
651	2	2
652	2	2
653	2	2
654	2	2
655	2	6
656	2	2
657	0	6
658	0	6
659	1	6
660	1	6
661	1	6
662	1	6
663	1	6
664	2	2
665	2	6
666	2	6
667	2	6
668	2	6
669	2	6
670	2	6
671	2	6
672	2	2
673	2	2
674	2	2
675	2	6
676	2	6
677	2	6
678	2	2
679	2	2
680	2	2
681	2	6
682	2	2
683	2	6
684	3	6
685	2	2
686	2	2
687	2	6
688	3	6
689	3	3
690	3	6
691	3	6
692	3	6
693	3	3
694	3	6
695	3	6
696	3	6
697	2	6
698	2	6
699	2	6
700	2	6
701	2	2
702	2	6
703	2	6
704	3	6
705	3	3
706	2	6
707	3	6
708	3	3
709	3	6
710	4	6
711	3	6
712	3	6
713	3	6
714	3	6
715	4	6
716	3	6
717	3	6
718	3	6
719	3	6
720	3	6
721	3	6
722	3	6
723	3	6
724	3	6
725	3	6
726	3	6
727	3	6
728	4	6
729	4	6
730	0	6
731	2	6
732	2	6
733	0	6
734	0	6
735	0	6
736	1	6
737	2	6
738	2	6
739	2	6
740	2	6
741	2	6
742	2	6
743	2	6
744	2	6
745	2	6
746	2	2
747	2	6
748	2	6
749	2	6
750	2	6
751	0	6
752	2	2
753	0	6
754	2	6
755	2	6
756	2	6
757	2	6
758	0	6
759	0	6
760	0	6
761	1	1
762	0	6
763	0	6
764	0	6
765	1	1
766	2	2
767	2	2
768	0	6
769	0	6
770	0	6
771	1	6
772	0	6
773	0	6
774	6	6
775	0	6
776	0	6
777	1	6
778	1	6
779	2	6
780	0	6
781	6	6
782	0	6
783	0	6
784	0	6
785	0	6
786	6	6
787	0	6
788	6	6
789	0	0
790	0	6
791	0	6
792	0	6
793	1	1
794	1	1
795	1	1
796	1	6
797	1	6
798	2	2
799	2	2
800	2	2
801	2	2
802	2	2
803	2	2
804	2	2
805	2	2
806	2	2
807	2	6
808	1	6
809	0	6
810	1	6
811	1	6
812	1	6
813	1	6
814	0	6
815	0	6
816	0	6
817	1	1
818	2	2
819	2	2
820	1	1
821	1	1
822	1	1
823	1	1
824	1	1
825	2	2
826	1	6
827	1	6
828	0	6
829	1	2
830	2	2
831	2	6
832	0	0
833	1	1
834	5	5
835	5	6
836	5	5
837	5	5
838	5	5
839	5	6
840	5	6
841	5	6
842	5	6
843	5	6
844	5	6
845	5	6
846	0	0
847	5	6
848	5	6
849	5	6
850	5	6
851	5	6
852	0	6
853	0	6
854	1	1
855	1	1
856	1	1
857	1	1
858	1	1
859	1	1
860	0	6
861	0	0
862	0	6
863	0	6
864	1	1
865	1	1
866	1	1
867	0	6
868	1	1
869	6	6
870	0	6