   1   7   7
   2   7   7
   3   7   7
   4   7   7
   5   7   7
   6   7   7
   7   7   7
   8   7   7
   9   7   7
  10   7   7
  11   7   7
  12   7   7
  13   7   7
  14   7   7
  15   7   7
  16   7   7
  17   7   7
  18   7   7
  19   7   7
  20   7   7
  21   7   7
  22   7   7
  23   7   7
  24   7   7
  25   7   7
  26   6   6
  27   6   6
  28   0   0
  29   0   0
  30   0   0
  31   0   0
  32   0   0
  33   0   0
  34   0   0
  35   1   1
  36   1   1
  37   1   1
  38   1   1
  39   1   1
  40   1   1
  41   2   2
  42   2   2
  43   2   2
  44   2   2
  45   2   2
  46   2   2
  47   2   2
  48   2   2
  49   3   3
  50   2   2
  51   2   2
  52   2   2
  53   3   3
  54   3   3
  55   2   2
  56   2   2
  57   2   2
  58   3   3
  59   3   3
  60   3   3
  61   3   3
  62   2   2
  63   2   2
  64   4   4
  65   2   2
  66   3   3
  67   4   4
  68   4   4
  69   4   4
  70   4   4
  71   4   4
  72   4   4
  73   4   4
  74   4   4
  75   6   6
  76   0   0
  77   0   0
  78   1   1
  79   1   1
  80   1   1
  81   2   2
  82   2   2
  83   2   2
  84   2   2
  85   2   2
  86   2   2
  87   2   2
  88   3   3
  89   3   3
  90   3   3
  91   4   4
  92   4   4
  93   4   4
  94   4   4
  95   4   4
  96   4   4
  97   4   4
  98   4   4
  99   4   4
 100   4   4
 101   4   4
 102   4   4
 103   4   4
 104   4   4
 105   3   3
 106   3   3
 107   4   4
 108   4   4
 109   4   4
 110   4   4
 111   4   4
 112   4   4
 113   4   4
 114   4   4
 115   4   4
 116   4   4
 117   4   4
 118   4   4
 119   4   4
 120   4   4
 121   4   4
 122   4   4
 123   4   4
 124   4   4
 125   4   4
 126   4   4
 127   4   4
 128   4   4
 129   4   4
 130   4   4
 131   4   4
 132   4   4
 133   4   4
 134   4   4
 135   4   4
 136   4   4
 137   4   4
 138   4   4
 139   4   4
 140   4   4
 141   4   4
 142   4   4
 143   4   4
 144   4   4
 145   4   4
 146   4   4
 147   4   4
 148   4   4
 149   4   4
 150   4   4
 151   4   4
 152   4   4
 153   4   4
 154   4   4
 155   4   4
 156   4   4
 157   4   4
 158   4   4
 159   4   4
 160   4   4
 161   4   4
 162   4   4
 163   4   4
 164   4   4
 165   4   4
 166   4   4
 167   4   4
 168   4   4
 169   3   3
 170   2   2
 171   2   2
 172   3   3
 173   2   2
 174   2   2
 175   2   2
 176   2   2
 177   2   2
 178   3   3
 179   2   2
 180   2   2
 181   2   2
 182   2   2
 183   2   2
 184   2   2
 185   2   2
 186   5   5
 187   5   5
 188   5   5
 189   5   5
 190   5   5
 191   5   5
 192   5   5
 193   5   5
 194   5   5
 195   5   5
 196   5   5
 197   5   5
 198   5   5
 199   5   5
 200   5   5
 201   5   5
 202   5   5
 203   5   5
 204   5   5
 205   5   5
 206   5   5
 207   2   2
 208   2   2
 209   2   2
 210   2   2
 211   2   2
 212   2   2
 213   2   2
 214   2   2
 215   2   2
 216   2   2
 217   2   2
 218   2   2
 219   2   2
 220   2   2
 221   2   2
 222   2   2
 223   2   2
 224   2   2
 225   2   2
 226   6   6
 227   2   2
 228   2   2
 229   0   0
 230   2   2
 231   2   2
 232   2   2
 233   2   2
 234   2   2
 235   2   2
 236   2   2
 237   2   2
 238   2   2
 239   2   2
 240   2   2
 241   2   2
 242   2   2
 243   2   2
 244   2   2
 245   2   2
 246   2   2
 247   2   2
 248   2   2
 249   2   2
 250   2   2
 251   2   2
 252   2   2
 253   2   2
 254   3   3
 255   2   2
 256   3   3
 257   2   2
 258   3   3
 259   2   2
 260   4   4
 261   4   4
 262   4   4
 263   4   4
 264   4   4
 265   3   3
 266   4   4
 267   4   4
 268   4   4
 269   4   4
 270   4   4
 271   4   4
 272   4   4
 273   4   4
 274   4   4
 275   4   4
 276   4   4
 277   4   4
 278   4   4
 279   4   4
 280   4   4
 281   4   4
 282   4   4
 283   4   4
 284   4   4
 285   4   4
 286   4   4
 287   4   4
 288   4   4
 289   4   4
 290   4   4
 291   4   4
 292   4   4
 293   4   4
 294   4   4
 295   4   4
 296   4   4
 297   4   4
 298   4   4
 299   4   4
 300   4   4
 301   4   4
 302   4   4
 303   4   4
 304   4   4
 305   4   4
 306   4   4
 307   4   4
 308   4   4
 309   4   4
 310   4   4
 311   4   4
 312   6   6
 313   6   6
 314   0   0
 315   0   0
 316   2   2
 317   2   2
 318   2   2
 319   2   2
 320   2   2
 321   2   2
 322   2   2
 323   2   2
 324   2   2
 325   2   2
 326   3   3
 327   3   3
 328   2   2
 329   2   2
 330   5   5
 331   5   5
 332   2   2
 333   5   5
 334   5   5
 335   2   2
 336   5   5
 337   5   5
 338   5   5
 339   5   5
 340   5   5
 341   5   5
 342   5   5
 343   5   5
 344   5   5
 345   5   5
 346   5   5
 347   5   5
 348   5   5
 349   5   5
 350   5   5
 351   5   5
 352   5   5
 353   5   5
 354   5   5
 355   5   5
 356   5   5
 357   5   5
 358   5   5
 359   5   5
 360   5   5
 361   5   5
 362   5   5
 363   2   2
 364   2   2
 365   2   2
 366   2   2
 367   2   2
 368   2   2
 369   2   2
 370   2   2
 371   2   2
 372   2   2
 373   2   2
 374   2   2
 375   2   2
 376   2   2
 377   2   2
 378   2   2
 379   2   2
 380   2   2
 381   2   2
 382   2   2
 383   2   2
 384   2   2
 385   2   2
 386   2   2
 387   2   2
 388   2   2
 389   2   2
 390   2   2
 391   2   2
 392   2   2
 393   2   2
 394   2   2
 395   2   2
 396   2   2
 397   2   2
 398   2   2
 399   2   2
 400   2   2
 401   2   2
 402   2   2
 403   2   2
 404   2   2
 405   2   2
 406   2   2
 407   2   2
 408   2   2
 409   3   3
 410   3   3
 411   2   2
 412   2   2
 413   2   2
 414   2   2
 415   2   2
 416   3   3
 417   3   3
 418   3   3
 419   3   3
 420   6   6
 421   2   2
 422   2   2
 423   2   2
 424   2   2
 425   2   2
 426   6   6
 427   2   2
 428   2   2
 429   2   2
 430   2   2
 431   2   2
 432   2   2
 433   2   2
 434   2   2
 435   0   0
 436   0   0
 437   2   2
 438   2   2
 439   0   0
 440   6   6
 441   0   0
 442   0   0
 443   2   2
 444   2   2
 445   2   2
 446   2   2
 447   2   2
 448   2   2
 449   2   2
 450   2   2
 451   2   2
 452   2   2
 453   2   2
 454   2   2
 455   2   2
 456   2   2
 457   2   2
 458   1   1
 459   2   2
 460   2   2
 461   2   2
 462   2   2
 463   2   2
 464   2   2
 465   2   2
 466   2   2
 467   2   2
 468   2   2
 469   2   2
 470   2   2
 471   2   2
 472   2   2
 473   2   2
 474   3   3
 475   2   2
 476   2   2
 477   2   2
 478   2   2
 479   2   2
 480   3   3
 481   2   2
 482   2   2
 483   3   3
 484   3   3
 485   2   2
 486   2   2
 487   2   2
 488   2   2
 489   2   2
 490   2   2
 491   2   2
 492   2   2
 493   2   2
 494   3   3
 495   4   4
 496   4   4
 497   2   2
 498   2   2
 499   2   2
 500   2   2
 501   2   2
 502   2   2
 503   2   2
 504   3   3
 505   2   2
 506   2   2
 507   2   2
 508   2   2
 509   2   2
 510   3   3
 511   2   2
 512   2   2
 513   3   3
 514   4   4
 515   2   2
 516   3   3
 517   0   0
 518   2   2
 519   2   2
 520   2   2
 521   2   2
 522   2   2
 523   2   2
 524   2   2
 525   2   2
 526   2   2
 527   2   2
 528   2   2
 529   2   2
 530   1   1
 531   2   2
 532   5   5
 533   5   5
 534   5   5
 535   5   5
 536   5   5
 537   5   5
 538   5   5
 539   5   5
 540   5   5
 541   5   5
 542   5   5
 543   5   5
 544   5   5
 545   5   5
 546   5   5
 547   5   5
 548   5   5
 549   5   5
 550   5   5
 551   5   5
 552   5   5
 553   5   5
 554   5   5
 555   5   5
 556   5   5
 557   5   5
 558   5   5
 559   5   5
 560   5   5
 561   5   5
 562   5   5
 563   5   5
 564   5   5
 565   5   5
 566   5   5
 567   5   5
 568   5   5
 569   5   5
 570   5   5
 571   5   5
 572   5   5
 573   5   5
 574   5   5
 575   5   5
 576   5   5
 577   5   5
 578   5   5
 579   5   5
 580   5   5
 581   5   5
 582   5   5
 583   5   5
 584   5   5
 585   5   5
 586   5   5
 587   5   5
 588   5   5
 589   5   5
 590   5   5
 591   5   5
 592   5   5
 593   5   5
 594   5   5
 595   5   5
 596   5   5
 597   5   5
 598   5   5
 599   5   5
 600   5   5
 601   5   5
 602   5   5
 603   5   5
 604   5   5
 605   5   5
 606   0   0
 607   1   1
 608   6   6
 609   0   0
 610   1   1
 611   6   6
 612   0   0
 613   1   1
 614   2   2
 615   2   2
 616   2   2
 617   2   2
 618   2   2
 619   2   2
 620   2   2
 621   2   2
 622   2   2
 623   2   2
 624   2   2
 625   2   2
 626   2   2
 627   2   2
 628   2   2
 629   2   2
 630   2   2
 631   2   2
 632   2   2
 633   2   2
 634   2   2
 635   2   2
 636   2   2
 637   2   2
 638   2   2
 639   2   2
 640   2   2
 641   2   2
 642   2   2
 643   2   2
 644   2   2
 645   2   2
 646   2   2
 647   2   2
 648   2   2
 649   2   2
 650   2   2
 651   2   2
 652   2   2
 653   2   2
 654   2   2
 655   2   2
 656   3   3
 657   3   3
 658   2   2
 659   2   2
 660   2   2
 661   2   2
 662   3   3
 663   3   3
 664   3   3
 665   4   4
 666   3   3
 667   3   3
 668   3   3
 669   3   3
 670   3   3
 671   2   2
 672   2   2
 673   2   2
 674   2   2
 675   4   4
 676   4   4
 677   3   3
 678   3   3
 679   4   4
 680   4   4
 681   4   4
 682   3   3
 683   4   4
 684   4   4
 685   4   4
 686   4   4
 687   4   4
 688   4   4
 689   4   4
 690   6   6
 691   2   2
 692   2   2
 693   2   2
 694   2   2
 695   2   2
 696   2   2
 697   2   2
 698   2   2
 699   2   2
 700   2   2
 701   2   2
 702   2   2
 703   2   2
 704   2   2
 705   2   2
 706   2   2
 707   2   2
 708   2   2
 709   3   3
 710   3   3
 711   6   6
 712   1   1
 713   2   2
 714   2   2
 715   2   2
 716   2   2
 717   2   2
 718   2   2
 719   2   2
 720   5   5
 721   5   5
 722   5   5
 723   5   5
 724   5   5
 725   5   5
 726   5   5
 727   5   5
 728   5   5
 729   5   5
 730   5   5
 731   5   5
 732   5   5
 733   5   5
 734   5   5
 735   5   5
 736   5   5
 737   5   5
 738   5   5
 739   5   5
 740   5   5
 741   5   5
 742   5   5
 743   5   5
 744   5   5
 745   5   5
 746   5   5
 747   5   5
 748   5   5
 749   5   5
 750   5   5
 751   5   5
 752   5   5
 753   5   5
 754   5   5
 755   5   5
 756   5   5
 757   5   5
 758   6   6
 759   0   0
 760   1   1
 761   0   0
 762   1   1
 763   2   2
 764   2   2
 765   2   2
 766   2   2
 767   2   2
 768   2   2
 769   2   2
 770   2   2
 771   2   2
 772   2   2
 773   2   2
 774   2   2
 775   2   2
 776   2   2
 777   2   2
 778   2   2
 779   2   2
 780   2   2
 781   2   2
 782   2   2
 783   2   2
 784   2   2
 785   2   2
 786   2   2
 787   2   2
 788   2   2
 789   2   2
 790   2   2
 791   2   2
 792   2   2
 793   2   2
 794   2   2
 795   2   2
 796   2   2
 797   2   2
 798   2   2
 799   2   2
 800   2   2
 801   2   2
 802   2   2
 803   2   2
 804   2   2
 805   2   2
 806   2   2
 807   2   2
 808   2   2
 809   2   2
 810   2   2
 811   2   2
 812   2   2
 813   2   2
 814   2   2
 815   2   2
 816   2   2
 817   2   2
 818   2   2
 819   2   2
 820   2   2
 821   2   2
 822   2   2
 823   2   2
 824   2   2
 825   2   2
 826   2   2
 827   2   2
 828   2   2
 829   2   2
 830   2   2
 831   2   2
 832   2   2
 833   2   2
 834   2   2
 835   2   2
 836   2   2
 837   2   2
 838   2   2
 839   2   2
 840   3   3
 841   2   2
 842   2   2
 843   2   2
 844   2   2
 845   2   2
 846   2   2
 847   2   2
 848   2   2
 849   2   2
 850   2   2
 851   3   3
 852   2   2
 853   3   3
 854   2   2
 855   3   3
 856   2   2
 857   2   2
 858   3   3
 859   3   3
 860   3   3
 861   2   2
 862   3   3
 863   2   2
 864   2   2
 865   3   3
 866   2   2
 867   2   2
 868   2   2
 869   2   2
 870   1   1
 871   6   6
 872   6   6
 873   6   6
 874   6   6
 875   6   6
 876   6   6
 877   6   6
 878   6   6
 879   0   0
 880   0   0
 881   1   1
 882   2   2
 883   2   2
 884   2   2
 885   2   2
 886   2   2
 887   2   2
 888   2   2
 889   2   2
 890   2   2
 891   2   2
 892   2   2
 893   2   2
 894   2   2
 895   2   2
 896   2   2
 897   2   2
 898   6   6
 899   1   1
 900   2   2
 901   6   6
 902   1   1
 903   2   2
 904   2   2
 905   2   2
 906   2   2
 907   2   2
 908   2   2
 909   2   2
 910   2   2
 911   2   2
 912   0   0
 913   1   1
 914   2   2
 915   5   5
 916   5   5
 917   5   5
 918   5   5
 919   5   5
 920   5   5
 921   5   5
 922   5   5
 923   5   5
 924   5   5
 925   5   5
 926   5   5
 927   5   5
 928   5   5
 929   5   5
 930   5   5
 931   5   5
 932   5   5
 933   5   5
 934   5   5
 935   5   5
 936   5   5
 937   5   5
 938   5   5
 939   5   5
 940   5   5
 941   5   5
 942   5   5
 943   5   5
 944   5   5
 945   5   5
 946   5   5
 947   6   6
