1	6	6
2	6	6
3	0	6
4	0	6
5	0	6
6	0	6
7	0	6
8	6	6
9	0	6
10	0	6
11	0	0
12	0	6
13	0	0
14	0	6
15	0	6
16	0	0
17	0	0
18	0	6
19	1	1
20	1	6
21	1	1
22	1	1
23	1	6
24	2	2
25	2	2
26	2	2
27	2	2
28	2	2
29	2	2
30	2	2
31	2	2
32	2	2
33	2	2
34	2	2
35	2	6
36	2	2
37	0	6
38	1	1
39	2	2
40	2	2
41	2	2
42	2	2
43	2	2
44	2	2
45	2	2
46	2	2
47	2	2
48	2	2
49	2	6
50	2	2
51	0	6
52	0	6
53	0	6
54	0	6
55	0	6
56	0	6
57	0	0
58	6	6
59	6	6
60	0	6
61	0	6
62	0	6
63	0	6
64	0	6
65	0	0
66	1	1
67	1	1
68	0	6
69	2	2
70	2	2
71	2	6
72	2	2
73	2	2
74	2	2
75	2	6
76	1	1
77	1	1
78	2	6
79	2	2
80	2	2
81	2	2
82	2	2
83	2	2
84	3	3
85	2	2
86	2	2
87	3	3
88	3	3
89	2	2
90	2	6
91	3	3
92	3	3
93	3	3
94	4	4
95	4	4
96	4	4
97	4	4
98	4	4
99	4	4
100	4	4
101	4	4
102	4	4
103	4	4
104	4	4
105	4	4
106	4	4
107	4	4
108	4	4
109	4	4
110	4	4
111	4	4
112	4	4
113	4	4
114	4	4
115	4	4
116	4	4
117	4	4
118	4	4
119	4	4
120	4	4
121	4	4
122	4	4
123	4	4
124	4	4
125	4	4
126	4	4
127	4	4
128	4	4
129	4	4
130	4	4
131	4	4
132	4	4
133	4	4
134	4	4
135	4	4
136	4	4
137	4	4
138	4	4
139	4	4
140	4	4
141	4	4
142	4	4
143	4	4
144	4	4
145	4	4
146	4	4
147	4	4
148	4	4
149	4	4
150	4	4
151	4	4
152	4	4
153	4	4
154	4	4
155	4	4
156	4	4
157	4	4
158	4	4
159	4	4
160	4	4
161	4	4
162	4	4
163	4	4
164	4	4
165	4	4
166	4	4
167	4	6
168	4	6
169	4	6
170	4	6
171	4	6
172	4	6
173	4	6
174	4	6
175	4	4
176	4	4
177	4	4
178	4	4
179	4	4
180	4	4
181	4	4
182	4	4
183	4	4
184	6	6
185	6	6
186	0	6
187	0	6
188	0	6
189	1	6
190	1	1
191	2	2
192	7	6
193	2	2
194	2	2
195	2	2
196	2	2
197	2	6
198	2	2
199	2	2
200	5	5
201	2	2
202	5	6
203	5	6
204	2	2
205	2	6
206	1	6
207	0	6
208	2	2
209	5	5
210	5	5
211	5	6
212	5	6
213	5	5
214	5	5
215	5	5
216	5	6
217	0	6
218	1	6
219	1	6
220	2	6
221	2	6
222	2	2
223	0	6
224	2	2
225	2	2
226	2	2
227	2	2
228	2	2
229	2	2
230	2	2
231	2	2
232	2	2
233	2	2
234	1	1
235	1	1
236	2	6
237	1	1
238	0	6
239	0	6
240	1	1
241	1	1
242	1	1
243	1	1
244	1	1
245	1	1
246	1	6
247	0	6
248	1	1
249	0	6
250	1	6
251	2	2
252	2	2
253	2	2
254	2	2
255	2	2
256	2	2
257	2	2
258	2	2
259	2	2
260	2	2
261	2	2
262	2	2
263	2	2
264	2	2
265	2	2
266	2	2
267	2	2
268	2	2
269	2	2
270	2	2
271	2	2
272	2	2
273	2	2
274	2	2
275	2	2
276	2	2
277	2	2
278	2	2
279	2	2
280	2	2
281	2	2
282	2	2
283	2	6
284	2	2
285	2	2
286	2	2
287	3	3
288	2	2
289	2	2
290	2	2
291	2	2
292	3	3
293	3	3
294	3	3
295	2	2
296	3	3
297	3	3
298	3	3
299	3	3
300	3	3
301	4	4
302	3	6
303	6	6
304	0	6
305	0	6
306	0	6
307	0	6
308	0	6
309	0	6
310	1	6
311	0	6
312	1	6
313	0	6
314	0	6
315	2	2
316	2	2
317	2	6
318	2	2
319	2	2
320	6	6
321	0	6
322	0	6
323	6	6
324	0	6
325	0	6
326	0	6
327	0	0
328	0	6
329	0	0
330	1	1
331	1	1
332	1	1
333	2	2
334	2	2
335	2	2
336	1	1
337	2	2
338	2	2
339	2	2
340	2	6
341	2	6
342	2	2
343	2	2
344	2	2
345	2	2
346	2	2
347	2	2
348	2	2
349	0	6
350	1	6
351	1	1
352	2	2
353	2	2
354	0	6
355	2	2
356	2	2
357	6	6
358	0	6
359	1	6
360	1	1
361	1	1
362	1	6
363	1	6
364	2	2
365	2	2
366	2	2
367	2	2
368	2	2
369	2	2
370	6	6
371	0	6
372	0	6
373	0	6
374	1	6
375	1	1
376	2	2
377	1	1
378	2	2
379	2	2
380	3	3
381	2	2
382	3	3
383	2	2
384	3	3
385	3	3
386	2	2
387	2	2
388	2	2
389	6	6
390	0	6
391	0	0
392	0	0
393	2	2
394	2	2
395	2	6
396	2	2
397	1	1
398	2	6
399	2	2
400	2	2
401	2	2
402	2	2
403	2	6
404	2	2
405	2	2
406	2	2
407	2	2
408	2	2
409	6	6
410	6	6
411	0	6
412	0	6
413	1	6
414	2	6
415	2	6
416	0	6
417	1	1
418	2	2
419	3	3
420	2	2
421	2	2
422	3	3
423	2	6
424	2	6
425	2	6
426	2	6
427	2	2
428	1	1
429	2	6
430	2	6
431	2	6
432	2	2
433	2	6
434	2	6
435	2	6
436	2	6
437	0	6
438	0	6
439	1	6
440	2	6
441	0	6
442	7	6
443	7	6
444	7	6
445	7	6
446	5	6
447	5	5
448	5	5
449	5	6
450	5	6
451	5	6
452	5	5
453	5	5
454	5	6
455	5	5
456	5	5
457	5	6
458	5	6
459	5	6
460	5	5
461	5	5
462	5	6
463	5	6
464	5	5
465	5	5
466	5	6
467	5	5
468	5	6
469	5	6
470	5	6
471	5	6
472	5	6
473	5	6
474	5	6
475	6	6
476	1	1
477	1	1
478	5	5
479	5	6
480	5	6
481	5	5
482	5	5
483	5	5
484	5	6
485	5	5
486	5	6
487	5	6
488	5	6
489	5	6
490	5	6
491	6	6
492	1	1
493	1	1
494	1	1
495	1	6
496	1	6
497	2	6
498	2	6
499	5	6
500	5	6
501	5	6
502	5	6
503	5	6
504	5	6
505	5	6
506	2	2
507	2	6
508	2	6
509	2	6
510	2	6
511	2	6
512	2	6
513	2	2
514	2	2
515	2	2
516	2	6
517	2	2
518	2	6
519	2	6
520	2	2
521	2	6
522	2	6
523	2	2
524	2	2
525	2	6
526	2	2
527	2	2
528	2	6
529	2	2
530	2	2
531	2	2
532	2	2
533	2	6
534	2	2
535	2	2
536	2	6
537	2	2
538	2	2
539	3	6
540	2	6
541	2	2
542	2	6
543	2	2
544	2	6
545	2	2
546	2	2
547	2	6
548	3	6
549	3	6
550	3	6
551	3	6
552	3	3
553	4	6
554	4	4
555	3	3
556	4	4
557	3	6
558	4	4
559	4	6
560	4	6
561	4	6
562	4	6
563	4	6
564	4	6
565	4	6
566	4	6
567	4	6
568	4	6
569	3	3
570	4	4
571	4	4
572	4	6
573	4	6
574	4	6
575	6	6
576	2	2
577	2	2
578	2	2
579	2	2
580	2	2
581	2	2
582	2	2
583	2	2
584	6	6
585	1	6
586	2	2
587	2	2
588	2	2
589	2	2
590	2	2
591	2	2
592	2	6
593	2	2
594	2	6
595	2	2
596	3	3
597	2	2
598	2	2
599	2	2
600	2	6
601	2	6
602	2	6
603	6	6
604	1	1
605	2	2
606	2	2
607	2	2
608	2	2
609	6	6
610	2	2
611	1	6
612	1	6
613	1	6
614	1	1
615	2	2
616	2	2
617	1	1
618	1	1
619	1	1
620	2	2
621	2	2
622	2	2
623	2	2
624	2	2
625	2	2
626	2	2
627	2	2
628	2	2
629	2	6
630	2	6
631	2	6
632	2	6
633	2	6
634	6	6
635	0	6
636	2	2
637	2	2
638	2	2
639	2	2
640	2	2
641	2	2
642	2	2
643	2	2
644	2	2
645	2	2
646	2	2
647	2	2
648	2	2
649	2	2
650	2	2
651	6	6
652	2	2
653	2	2
654	2	2
655	2	2
656	0	6
657	2	2
658	2	2
659	2	6
660	2	6
661	2	2
662	2	6
663	2	2
664	2	2
665	1	6
666	2	6
667	6	6
668	2	6
669	5	6
670	5	5
671	5	5
672	5	6
673	5	5
674	5	5
675	5	5
676	5	5
677	5	6
678	5	5
679	5	5
680	6	6
681	0	6
682	0	6
683	0	6
684	0	0
685	1	1
686	1	6
687	5	5
688	5	5
689	5	5
690	5	5
691	5	5
692	5	6
693	5	5
694	5	5
695	5	5
696	5	6
697	5	6
698	5	6
699	5	5
700	5	5
701	5	5
702	5	6
703	5	5
704	5	6
705	5	5
706	1	6
707	1	1
708	2	2
709	2	6
710	2	6
711	2	6
712	2	2
713	2	2
714	2	6
715	5	6
716	5	5
717	5	6
718	5	6
719	5	5
720	5	6
721	5	6
722	6	6
723	5	6
724	5	5
725	5	6
726	5	5
727	5	6
728	5	5
729	5	5
730	5	5
731	5	5
732	5	5
733	5	5
734	5	6
735	0	6
736	0	6
737	1	1
738	1	1
739	2	2
740	2	2
741	2	2
742	2	2
743	2	2
744	2	2
745	2	2
746	2	2
747	2	2
748	2	2
749	2	2
750	2	2
751	6	6
752	0	6
753	2	2
754	2	2
755	2	2
756	2	2
757	2	2
758	2	2
759	2	2
760	2	2
761	2	2
762	2	2
763	2	2
764	2	2
765	2	2
766	2	2
767	2	2
768	2	2
769	2	2
770	2	2
771	2	2
772	2	2
773	2	2
774	2	2
775	2	2
776	2	2
777	2	2
778	2	2
779	2	2
780	2	2
781	6	6
782	1	6
783	1	6
784	2	6
785	2	2
786	2	2
787	2	2
788	2	2
789	2	2
790	2	2
791	2	2
792	2	2
793	2	2
794	2	2
795	2	2
796	6	6
797	6	6
