1	6	6
2	0	6
3	0	6
4	6	6
5	6	6
6	6	6
7	6	6
8	6	6
9	6	6
10	0	0
11	0	0
12	6	6
13	6	6
14	0	0
15	0	0
16	0	0
17	0	0
18	1	1
19	1	1
20	2	2
21	2	2
22	2	2
23	2	2
24	2	2
25	2	2
26	2	2
27	2	2
28	2	2
29	2	2
30	3	3
31	3	3
32	3	3
33	3	3
34	2	2
35	0	0
36	1	1
37	1	1
38	2	2
39	2	2
40	1	1
41	2	2
42	2	2
43	2	2
44	2	2
45	2	2
46	2	2
47	3	3
48	3	3
49	2	2
50	3	3
51	4	4
52	4	4
53	3	3
54	4	4
55	4	4
56	3	3
57	4	4
58	4	4
59	0	0
60	0	0
61	2	2
62	3	3
63	3	3
64	3	3
65	4	4
66	2	2
67	3	3
68	4	4
69	4	4
70	4	4
71	4	4
72	4	4
73	4	4
74	4	4
75	4	4
76	4	4
77	4	4
78	4	4
79	4	4
80	4	4
81	4	4
82	4	4
83	4	4
84	4	4
85	4	4
86	4	4
87	4	4
88	4	4
89	4	4
90	4	4
91	4	4
92	4	4
93	4	4
94	4	4
95	4	4
96	4	4
97	4	4
98	4	4
99	4	4
100	4	4
101	4	4
102	4	4
103	4	4
104	4	4
105	4	4
106	4	4
107	4	4
108	4	4
109	4	4
110	4	4
111	4	4
112	4	4
113	4	4
114	4	4
115	4	4
116	4	4
117	6	6
118	0	0
119	0	0
120	1	1
121	2	2
122	2	2
123	2	2
124	2	2
125	2	2
126	2	2
127	2	2
128	3	3
129	2	2
130	2	2
131	2	2
132	2	2
133	2	2
134	2	2
135	2	2
136	2	2
137	2	2
138	2	2
139	2	2
140	2	2
141	0	0
142	1	1
143	1	1
144	1	1
145	1	1
146	0	0
147	1	1
148	1	1
149	1	1
150	2	2
151	2	2
152	2	2
153	5	5
154	5	5
155	5	5
156	5	5
157	5	5
158	5	5
159	5	5
160	5	5
161	2	2
162	0	0
163	0	0
164	0	0
165	1	1
166	1	1
167	1	1
168	0	0
169	0	0
170	1	1
171	2	2
172	1	1
173	0	0
174	1	1
175	0	0
176	1	1
177	1	1
178	0	0
179	2	2
180	2	2
181	2	2
182	2	2
183	2	2
184	2	2
185	2	2
186	2	2
187	2	2
188	2	2
189	2	2
190	3	3
191	3	3
192	2	2
193	2	2
194	3	3
195	2	2
196	2	2
197	3	3
198	3	3
199	2	2
200	2	2
201	3	3
202	3	3
203	4	4
204	3	3
205	3	3
206	3	3
207	4	4
208	4	4
209	4	4
210	4	4
211	4	4
212	4	4
213	4	4
214	4	4
215	4	4
216	4	4
217	4	4
218	4	4
219	4	4
220	4	4
221	4	4
222	4	4
223	4	4
224	4	4
225	4	4
226	4	4
227	4	4
228	4	4
229	4	4
230	4	4
231	4	4
232	4	4
233	4	4
234	4	4
235	4	4
236	4	4
237	4	4
238	4	4
239	4	4
240	4	4
241	6	6
242	0	0
243	0	0
244	1	1
245	1	1
246	0	0
247	1	1
248	0	0
249	1	1
250	0	0
251	2	2
252	2	2
253	2	2
254	2	2
255	2	2
256	2	2
257	2	2
258	2	2
259	2	2
260	2	2
261	0	0
262	0	0
263	2	2
264	2	2
265	2	2
266	2	2
267	2	2
268	2	2
269	2	2
270	6	6
271	1	1
272	0	0
273	1	1
274	0	0
275	1	1
276	1	1
277	2	2
278	2	2
279	2	2
280	2	2
281	2	2
282	2	2
283	2	2
284	2	2
285	2	2
286	2	2
287	2	2
288	2	2
289	2	2
290	2	2
291	2	2
292	3	3
293	2	2
294	3	3
295	2	2
296	2	2
297	2	2
298	2	2
299	2	2
300	3	3
301	2	2
302	3	3
303	3	3
304	3	3
305	3	3
306	2	2
307	3	3
308	2	2
309	2	2
310	3	3
311	4	4
312	3	3
313	4	4
314	4	4
315	4	4
316	4	4
317	4	4
318	2	2
319	2	2
320	2	2
321	2	2
322	2	2
323	2	2
324	5	5
325	5	5
326	5	5
327	5	5
328	5	5
329	5	5
330	5	5
331	5	5
332	5	5
333	5	5
334	5	5
335	5	5
336	5	5
337	5	5
338	5	5
339	5	5
340	5	5
341	5	5
342	5	5
343	5	5
344	5	5
345	5	5
346	5	5
347	5	5
348	5	5
349	5	5
350	5	5
351	5	5
352	5	5
353	5	5
354	5	5
355	5	5
356	0	0
357	1	1
358	1	1
359	1	1
360	1	1
361	1	1
362	1	1
363	1	1
364	1	1
365	1	1
366	2	2
367	2	2
368	2	2
369	2	2
370	2	2
371	2	2
372	2	2
373	0	0
374	1	1
375	1	1
376	1	1
377	2	2
378	2	2
379	2	2
380	2	2
381	2	2
382	2	2
383	2	2
384	0	0
385	0	0
386	0	0
387	0	0
388	0	0
389	0	0
390	0	0
391	0	0
392	1	1
393	1	1
394	1	1
395	1	1
396	1	1
397	1	1
398	1	1
399	2	2
400	2	2
401	2	2
402	2	2
403	2	2
404	2	2
405	0	0
406	0	0
407	2	2
408	2	2
409	2	2
410	2	2
411	2	2
412	2	2
413	2	2
414	2	2
415	2	2
416	2	2
417	2	2
418	2	2
419	2	2
420	2	2
421	2	2
422	6	6
423	2	2
424	2	2
425	2	2
426	2	2
427	2	2
428	2	2
429	2	2
430	2	2
431	2	2
432	2	2
433	2	2
434	2	2
435	2	2
436	2	2
437	2	2
438	2	2
439	2	2
440	2	2
441	2	2
442	2	2
443	2	2
444	2	2
445	2	2
446	2	2
447	2	2
448	2	2
449	2	2
450	2	2
451	2	2
452	2	2
453	6	6
454	0	0
455	0	0
456	0	0
457	0	0
458	0	0
459	1	1
460	2	2
461	1	1
462	2	2
463	2	2
464	2	2
465	2	2
466	2	2
467	2	2
468	2	2
469	2	2
470	2	2
471	2	2
472	2	2
473	2	2
474	2	2
475	2	2
476	2	2
477	2	2
478	2	2
479	2	2
480	2	2
481	2	2
482	2	2
483	2	2
484	2	2
485	2	2
486	2	2
487	2	2
488	2	2
489	2	2
490	2	2
491	2	2
492	3	3
493	2	2
494	2	2
495	2	2
496	2	2
497	3	3
498	3	3
499	3	3
500	2	2
501	3	3
502	2	2
503	2	2
504	2	2
505	3	3
506	3	3
507	2	2
508	1	1
509	2	1
510	5	1
511	5	1
512	5	2
513	5	2
514	1	1
515	5	5
516	5	5
517	5	5
518	5	5
519	5	5
520	5	5
521	5	5
522	5	5
523	5	5
524	5	5
525	5	5
526	5	5
527	5	5
528	5	5
529	5	5
530	5	5
531	5	5
532	5	5
533	5	5
534	5	5
535	5	5
536	5	5
537	5	5
538	5	5
539	5	5
540	5	5
541	5	5
542	5	5
543	5	5
544	5	5
545	5	5
546	5	5
547	5	5
548	5	5
549	5	5
550	5	5
551	5	5
552	5	5
553	5	5
554	5	5
555	5	5
556	5	5
557	5	5
558	5	5
559	5	5
560	5	5
561	5	5
562	5	5
563	5	5
564	5	5
565	6	6
566	1	1
567	1	1
568	1	1
569	1	1
570	1	1
571	1	1
572	1	1
573	1	1
574	1	1
575	1	1
576	0	0
577	2	2
578	2	2
579	2	2
580	2	2
581	2	2
582	2	2
583	5	1
584	5	1
585	5	1
586	5	1
587	5	1
588	5	1
589	5	1
590	5	1
591	5	1
592	5	1
593	5	6
594	5	5
595	5	5
596	5	5
597	5	5
598	5	5
599	5	5
600	1	1
601	2	2
602	1	1
603	1	1
604	1	1
605	1	1
606	1	1
607	1	1
608	1	1
609	1	1
610	6	6
611	6	6
612	0	0
613	1	1
614	2	1
615	2	1
616	2	2
617	2	2
618	2	2
619	2	2
620	2	2
621	6	6
622	2	2
623	2	2
624	2	2
625	2	2
626	2	2
627	2	2
628	2	2
629	2	2
630	2	2
631	2	2
632	2	2
633	2	2
634	2	2
635	2	2
636	2	2
637	2	2
638	2	2
639	2	2
640	2	2
641	2	2
642	2	2
643	2	2
644	2	2
645	2	2
646	2	2
647	2	2
648	2	2
649	2	2
650	2	2
651	2	2
652	3	2
653	2	2
654	2	2
655	2	2
656	2	2
657	2	2
658	2	2
659	2	2
660	3	3
661	2	2
662	3	3
663	2	2
664	2	2
665	2	2
666	3	3
667	2	2
668	3	3
669	3	3
670	3	3
671	3	3
672	3	3
673	2	2
674	2	2
675	3	3
676	2	2
677	2	2
678	2	2
679	2	2
680	3	3
681	3	3
682	3	3
683	3	3
684	4	4
685	4	4
686	3	3
687	2	2
688	3	3
689	3	3
690	2	2
691	4	4
692	2	2
693	4	4
694	3	3
695	2	2
696	2	2
697	2	2
698	3	3
699	4	4
700	3	3
701	3	3
702	4	4
703	4	4
704	4	4
705	4	4
706	3	3
707	2	2
708	2	6
709	1	6
710	0	6
711	0	6
712	1	2
713	2	1
714	0	0
715	1	1
716	2	7
717	2	7
718	2	7
719	2	2
720	2	2
721	2	7
722	2	7
723	2	7
724	2	7
725	2	7
726	2	7
727	5	5
728	5	5
729	5	5
730	5	5
731	5	5
732	5	5
733	5	5
734	5	6
735	5	5
736	5	6
737	5	5
738	5	5
739	5	5
740	5	5
741	5	6
742	0	6
743	1	2
744	5	5
745	5	5
746	5	5
747	5	5
748	5	5
749	5	5
750	5	5
751	5	5
752	5	5
753	5	5
754	5	5
755	5	5
756	5	5
757	5	5
758	6	6
759	5	5
760	5	5
761	5	5
762	5	5
763	5	5
764	5	5
765	5	5
766	5	5
767	5	6
768	1	6
769	1	6
770	1	1
771	0	0
772	1	6
773	1	1
774	1	1
775	1	1
776	1	1
777	1	6
778	0	6
779	1	1
780	0	0
781	2	2
782	2	2
783	2	2
784	2	2
785	2	2
786	2	2
787	2	2
788	2	2
789	2	2
790	2	2
791	2	2
792	2	2
793	2	2
794	2	2
795	2	2
796	2	6
797	6	6
798	6	6
799	0	6
800	0	6
801	0	6
802	6	6
803	6	6
804	6	6
805	6	6
806	6	6
807	6	6
808	6	6
809	6	6
810	6	6
811	6	6
812	6	6
813	6	6
814	6	6
815	6	6
816	0	6
817	0	6
818	0	6
819	0	6
820	0	6
821	0	6
822	0	6
823	0	6
824	0	6
825	6	6
826	0	6
827	0	0
828	0	6
829	0	0
830	0	0
831	0	6
832	0	0
833	0	0
834	0	0
835	0	0
836	0	0
837	0	0
838	0	6
839	0	0
840	0	6
841	0	6
842	0	6
843	0	6
844	0	0
845	0	6
846	0	6
847	6	6
848	0	6
849	0	6
850	0	0
851	0	0
852	0	0
853	0	0
854	0	0
855	0	0
856	0	6
857	0	6
858	0	6
859	0	0
860	1	1
861	1	1
862	1	1
863	1	6
864	0	6
865	0	6
866	0	6
867	0	6
868	0	0
869	0	6
870	0	0
871	0	6
872	0	6
873	0	0
874	0	6
875	0	6
876	0	6
877	0	0
878	0	0
879	1	1
880	0	0
881	0	0
882	1	1
883	1	1
884	0	0
885	1	1
886	1	1
887	1	1
888	1	1
889	1	1
890	2	2
891	2	2
892	2	2
893	2	2
894	2	2
895	2	2
896	2	2
897	2	2
898	2	2
899	2	2
900	2	2
901	2	2
902	2	2
903	2	2
904	2	2
905	2	2
906	7	7
