1	6	6
2	6	6
3	0	0
4	0	0
5	0	0
6	0	0
7	0	0
8	0	0
9	0	0
10	0	0
11	0	0
12	0	0
13	0	0
14	0	0
15	1	1
16	1	1
17	1	1
18	1	1
19	1	1
20	1	1
21	1	1
22	1	1
23	1	1
24	2	2
25	2	2
26	0	0
27	1	1
28	2	2
29	0	0
30	2	2
31	2	2
32	1	1
33	2	2
34	2	2
35	2	2
36	2	2
37	2	2
38	6	6
39	6	6
40	0	0
41	0	0
42	6	6
43	0	0
44	0	0
45	0	0
46	0	0
47	0	0
48	1	1
49	1	1
50	1	1
51	2	2
52	2	2
53	1	1
54	2	2
55	2	2
56	2	2
57	2	2
58	2	2
59	2	2
60	2	2
61	2	2
62	2	2
63	3	3
64	2	2
65	3	3
66	2	2
67	4	4
68	4	4
69	4	4
70	4	4
71	4	4
72	4	4
73	4	4
74	3	3
75	4	4
76	4	4
77	4	4
78	4	4
79	4	4
80	4	4
81	4	4
82	4	4
83	4	4
84	4	4
85	4	4
86	4	4
87	4	4
88	4	4
89	4	4
90	4	4
91	4	4
92	4	4
93	4	4
94	4	4
95	4	4
96	4	4
97	4	4
98	0	0
99	0	0
100	2	2
101	2	2
102	2	2
103	6	6
104	2	2
105	2	2
106	2	2
107	2	2
108	2	2
109	2	2
110	2	2
111	3	3
112	3	3
113	3	3
114	3	3
115	4	4
116	4	4
117	4	4
118	4	4
119	4	4
120	4	4
121	4	4
122	4	4
123	4	4
124	4	4
125	4	4
126	4	4
127	4	4
128	4	4
129	4	4
130	4	4
131	4	4
132	6	6
133	0	0
134	0	0
135	2	2
136	2	2
137	2	2
138	2	2
139	2	2
140	2	2
141	2	2
142	2	2
143	2	2
144	2	2
145	2	2
146	2	2
147	2	2
148	3	3
149	4	4
150	4	4
151	3	3
152	4	4
153	4	4
154	4	4
155	4	4
156	4	4
157	4	4
158	4	4
159	4	4
160	4	4
161	4	4
162	4	4
163	4	4
164	4	4
165	4	4
166	0	0
167	2	2
168	0	0
169	2	2
170	2	2
171	2	2
172	2	2
173	0	0
174	7	7
175	2	2
176	2	2
177	2	2
178	2	2
179	2	2
180	2	2
181	2	2
182	5	5
183	5	5
184	5	5
185	5	5
186	5	5
187	5	5
188	5	5
189	5	5
190	5	5
191	5	5
192	5	5
193	5	5
194	5	5
195	5	5
196	5	5
197	5	5
198	5	5
199	0	0
200	0	0
201	0	0
202	1	1
203	1	1
204	1	1
205	0	0
206	0	0
207	1	1
208	1	1
209	0	0
210	1	1
211	2	2
212	2	2
213	2	2
214	2	2
215	0	0
216	1	1
217	0	0
218	2	2
219	2	2
220	0	0
221	2	2
222	2	2
223	0	0
224	2	2
225	2	2
226	2	2
227	6	6
228	1	1
229	2	2
230	2	2
231	2	2
232	2	2
233	2	2
234	2	2
235	2	2
236	2	2
237	2	2
238	2	2
239	2	2
240	2	2
241	2	2
242	2	2
243	3	3
244	2	2
245	2	2
246	3	3
247	2	2
248	2	2
249	4	4
250	2	2
251	3	3
252	3	3
253	3	3
254	4	4
255	4	4
256	4	4
257	4	4
258	4	4
259	4	4
260	4	4
261	4	4
262	4	4
263	4	4
264	0	0
265	0	0
266	0	0
267	1	1
268	0	0
269	1	1
270	1	1
271	0	0
272	2	2
273	2	2
274	2	2
275	2	2
276	2	2
277	2	2
278	2	2
279	2	2
280	2	2
281	2	2
282	3	3
283	2	2
284	3	3
285	3	3
286	3	3
287	4	4
288	4	4
289	4	4
290	4	4
291	4	4
292	4	4
293	4	4
294	0	0
295	6	6
296	0	0
297	2	2
298	2	2
299	2	2
300	0	0
301	6	6
302	1	1
303	2	2
304	2	2
305	2	2
306	2	2
307	1	1
308	0	0
309	1	1
310	2	2
311	2	2
312	2	2
313	2	2
314	3	3
315	3	3
316	3	3
317	2	2
318	7	7
319	7	7
320	4	4
321	4	4
322	4	4
323	4	4
324	4	4
325	4	4
326	4	4
327	4	4
328	4	4
329	4	4
330	4	4
331	4	4
332	4	4
333	4	4
334	4	4
335	7	7
336	6	6
337	6	6
338	0	0
339	0	0
340	6	6
341	6	6
342	6	6
343	6	6
344	6	6
345	0	0
346	0	0
347	0	0
348	1	1
349	1	1
350	2	2
351	2	2
352	5	5
353	5	5
354	5	5
355	5	5
356	5	5
357	5	5
358	5	5
359	5	5
360	5	5
361	5	5
362	5	5
363	5	5
364	5	5
365	5	5
366	5	5
367	5	5
368	5	5
369	5	5
370	5	5
371	5	5
372	5	5
373	5	5
374	5	5
375	5	5
376	5	5
377	5	5
378	5	5
379	5	5
380	5	5
381	5	5
382	6	6
383	0	0
384	1	1
385	1	1
386	1	1
387	2	2
388	2	2
389	2	2
390	2	2
391	2	2
392	2	2
393	2	2
394	2	2
395	2	2
396	2	2
397	2	2
398	2	2
399	2	2
400	2	2
401	2	2
402	2	2
403	2	2
404	2	2
405	2	2
406	2	2
407	2	2
408	2	2
409	2	2
410	2	2
411	2	2
412	2	2
413	2	2
414	2	2
415	2	2
416	2	2
417	2	2
418	2	2
419	2	2
420	2	2
421	2	2
422	2	2
423	3	3
424	2	2
425	3	3
426	2	2
427	4	4
428	2	2
429	2	2
430	2	2
431	2	2
432	2	2
433	2	2
434	2	2
435	3	3
436	3	3
437	0	0
438	6	6
439	0	0
440	1	1
441	1	1
442	2	2
443	2	2
444	2	2
445	2	2
446	2	2
447	2	2
448	1	1
449	2	2
450	2	2
451	2	2
452	2	2
453	2	2
454	1	1
455	1	1
456	2	2
457	2	2
458	2	2
459	5	5
460	2	2
461	5	5
462	5	5
463	5	5
464	5	5
465	5	5
466	5	5
467	5	5
468	5	5
469	5	5
470	5	5
471	5	5
472	6	6
473	0	0
474	1	1
475	2	2
476	5	5
477	5	5
478	5	5
479	5	5
480	5	5
481	5	5
482	5	5
483	0	0
484	5	5
485	5	5
486	5	5
487	5	5
488	5	5
489	5	5
490	5	5
491	5	5
492	5	5
493	5	5
494	5	5
495	5	5
496	5	5
497	5	5
498	5	5
499	5	5
500	5	5
501	5	5
502	5	5
503	5	5
504	5	5
505	0	0
506	0	0
507	0	0
508	7	7
509	7	7
510	7	7
511	6	6
512	0	0
513	0	0
514	1	1
515	1	1
516	1	1
517	1	1
518	1	1
519	1	1
520	1	1
521	6	6
522	0	0
523	0	0
524	1	1
525	0	0
526	1	1
527	1	1
528	1	1
529	1	1
530	1	1
531	1	1
532	1	1
533	1	1
534	1	1
535	1	1
536	1	1
537	1	1
538	1	1
539	2	2
540	1	1
541	2	2
542	2	2
543	2	2
544	0	0
545	0	0
546	1	1
547	2	2
548	1	1
549	2	2
550	2	2
551	1	1
552	1	1
553	2	2
554	2	2
555	2	2
556	2	2
557	2	2
558	2	2
559	2	2
560	2	2
561	2	2
562	2	2
563	2	2
564	0	0
565	2	2
566	2	2
567	2	2
568	2	2
569	2	2
570	2	2
571	2	2
572	2	2
573	2	2
574	2	2
575	2	2
576	2	2
577	2	2
578	2	2
579	2	2
580	3	3
581	3	3
582	3	3
583	3	3
584	3	3
585	3	3
586	3	3
587	2	2
588	3	3
589	4	4
590	2	2
591	3	3
592	4	4
593	4	4
594	4	4
595	4	4
596	6	6
597	6	6
598	0	0
599	0	0
600	0	0
601	0	0
602	0	0
603	1	1
604	2	2
605	2	2
606	2	2
607	2	2
608	2	2
609	2	2
610	2	2
611	2	2
612	2	2
613	2	2
614	2	2
615	2	2
616	2	2
617	2	2
618	2	2
619	2	2
620	2	2
621	2	2
622	2	2
623	2	2
624	3	3
625	7	7
626	7	7
627	7	7
628	2	2
629	2	2
630	2	2
631	2	2
632	2	2
633	2	2
634	2	2
635	2	2
636	2	2
637	2	2
638	2	2
639	2	2
640	2	2
641	0	0
642	0	0
643	6	6
644	0	0
645	0	0
646	0	0
647	0	0
648	0	0
649	1	1
650	2	2
651	2	2
652	2	2
653	5	5
654	5	5
655	5	5
656	5	5
657	5	5
658	5	5
659	5	5
660	5	5
661	5	5
662	5	5
663	5	5
664	5	5
665	5	5
666	5	5
667	6	6
668	0	0
669	1	1
670	1	1
671	5	5
672	5	5
673	5	5
674	5	5
675	5	5
676	5	5
677	0	0
678	0	0
679	0	0
680	1	1
681	1	1
682	1	1
683	5	5
684	5	5
685	5	5
686	5	5
687	5	5
688	5	5
689	5	5
690	5	5
691	6	6
692	1	1
693	1	1
694	1	1
695	1	1
696	1	1
697	1	1
698	1	1
699	1	1
700	0	0
701	0	0
702	0	0
703	0	0
704	0	0
705	7	7
706	7	7
707	6	6
708	0	0
709	6	6
710	6	6
711	0	0
712	0	0
713	0	0
714	0	0
715	1	1
716	1	1
717	2	2
718	2	2
719	2	2
720	2	2
721	2	2
722	2	2
723	2	2
724	0	0
725	2	2
726	2	2
727	2	2
728	2	2
729	2	2
730	2	2
731	2	2
732	2	2
733	2	2
734	2	2
735	2	2
736	2	2
737	0	0
738	0	0
739	6	6
740	6	6
741	0	0
742	0	0
743	1	1
744	0	0
745	0	0
746	0	0
747	1	1
748	0	0
749	1	1
750	1	1
751	2	2
752	2	2
753	0	0
754	2	2
755	2	2
756	1	1
757	2	2
758	2	2
759	2	2
760	0	0
761	2	2
762	2	2
763	2	2
764	2	2
765	0	0
766	0	0
767	2	2
768	0	0
769	0	0
770	1	1
771	2	2
772	0	0
773	6	6
774	0	0
775	0	0
776	1	1
777	1	1
778	2	2
779	2	2
780	2	2
781	2	2
782	2	2
783	2	2
784	2	2
785	2	2
786	2	2
787	2	2
788	2	2
789	1	1
790	2	2
791	2	2
792	2	2
793	2	2
794	2	2
795	2	2
796	2	2
797	2	2
798	2	2
799	2	2
800	2	2
801	2	2
802	2	2
803	1	1
804	0	0
805	0	0
806	0	0
807	0	0
808	0	0
809	1	1
810	2	2
811	2	2
812	2	2
813	2	2
814	2	2
815	2	2
816	2	2
817	2	2
818	2	2
819	2	2
820	2	2
821	2	2
822	2	2
823	2	2
824	2	2
825	7	7
