   1   7   7
   2   7   7
   3   7   7
   4   7   7
   5   7   7
   6   7   7
   7   7   7
   8   7   7
   9   7   7
  10   7   7
  11   7   7
  12   7   7
  13   7   7
  14   7   7
  15   7   7
  16   7   7
  17   7   7
  18   7   7
  19   7   7
  20   7   7
  21   7   7
  22   7   7
  23   7   7
  24   0   0
  25   0   0
  26   0   0
  27   0   0
  28   1   1
  29   1   1
  30   0   0
  31   0   0
  32   1   1
  33   1   1
  34   1   1
  35   1   1
  36   1   1
  37   0   0
  38   6   6
  39   1   1
  40   1   1
  41   1   1
  42   1   1
  43   1   1
  44   1   1
  45   1   1
  46   1   1
  47   1   1
  48   1   1
  49   1   1
  50   1   1
  51   1   1
  52   1   1
  53   6   6
  54   6   6
  55   6   6
  56   0   0
  57   0   0
  58   0   0
  59   0   0
  60   0   0
  61   0   0
  62   0   0
  63   0   0
  64   1   1
  65   2   2
  66   2   2
  67   2   2
  68   2   2
  69   2   2
  70   2   2
  71   2   2
  72   2   2
  73   2   2
  74   2   2
  75   2   2
  76   2   2
  77   2   2
  78   2   2
  79   3   3
  80   2   2
  81   2   2
  82   3   3
  83   3   3
  84   3   3
  85   3   3
  86   3   3
  87   3   3
  88   3   3
  89   4   4
  90   4   4
  91   4   4
  92   4   4
  93   4   4
  94   4   4
  95   4   4
  96   4   4
  97   4   4
  98   4   4
  99   4   4
 100   4   4
 101   4   4
 102   4   4
 103   4   4
 104   4   4
 105   4   4
 106   4   4
 107   4   4
 108   4   4
 109   4   4
 110   4   4
 111   4   4
 112   4   4
 113   4   4
 114   4   4
 115   4   4
 116   4   4
 117   4   4
 118   4   4
 119   4   4
 120   4   4
 121   4   4
 122   4   4
 123   4   4
 124   4   4
 125   4   4
 126   4   4
 127   4   4
 128   4   4
 129   4   4
 130   4   4
 131   4   4
 132   4   4
 133   4   4
 134   4   4
 135   4   4
 136   4   4
 137   4   4
 138   4   4
 139   4   4
 140   4   4
 141   4   4
 142   4   4
 143   4   4
 144   4   4
 145   4   4
 146   4   4
 147   4   4
 148   4   4
 149   4   4
 150   4   4
 151   4   4
 152   4   4
 153   4   4
 154   4   4
 155   4   4
 156   4   4
 157   4   4
 158   4   4
 159   4   4
 160   4   4
 161   4   4
 162   4   4
 163   4   4
 164   4   4
 165   3   3
 166   4   4
 167   4   4
 168   4   4
 169   4   4
 170   4   4
 171   4   4
 172   4   4
 173   4   4
 174   3   3
 175   3   3
 176   4   4
 177   3   3
 178   4   4
 179   4   4
 180   4   4
 181   4   4
 182   4   4
 183   4   4
 184   6   6
 185   2   2
 186   2   2
 187   2   2
 188   2   2
 189   3   3
 190   2   2
 191   2   2
 192   3   3
 193   2   2
 194   2   2
 195   2   2
 196   2   2
 197   2   2
 198   3   3
 199   4   4
 200   2   2
 201   2   2
 202   2   2
 203   2   2
 204   2   2
 205   2   2
 206   2   2
 207   2   2
 208   2   2
 209   2   2
 210   2   2
 211   2   2
 212   2   2
 213   2   2
 214   2   2
 215   2   2
 216   2   2
 217   2   2
 218   5   5
 219   5   5
 220   5   5
 221   5   5
 222   2   2
 223   2   2
 224   2   2
 225   2   2
 226   2   2
 227   2   2
 228   2   2
 229   2   2
 230   2   2
 231   2   2
 232   2   2
 233   2   2
 234   2   2
 235   2   2
 236   2   2
 237   2   2
 238   2   2
 239   2   2
 240   2   2
 241   2   2
 242   2   2
 243   2   2
 244   2   2
 245   2   2
 246   2   2
 247   2   2
 248   2   2
 249   2   2
 250   2   2
 251   2   2
 252   2   2
 253   2   2
 254   1   1
 255   2   2
 256   2   2
 257   2   2
 258   2   2
 259   2   2
 260   2   2
 261   2   2
 262   2   2
 263   2   2
 264   2   2
 265   6   6
 266   2   2
 267   2   2
 268   2   2
 269   2   2
 270   2   2
 271   2   2
 272   2   2
 273   2   2
 274   2   2
 275   2   2
 276   2   2
 277   2   2
 278   2   2
 279   2   2
 280   2   2
 281   2   2
 282   2   2
 283   2   2
 284   2   2
 285   2   2
 286   2   2
 287   6   6
 288   2   2
 289   2   2
 290   2   2
 291   2   2
 292   2   2
 293   2   2
 294   2   2
 295   2   2
 296   2   2
 297   3   3
 298   2   2
 299   2   2
 300   2   2
 301   2   2
 302   2   2
 303   2   2
 304   3   3
 305   2   2
 306   3   3
 307   3   3
 308   2   2
 309   3   3
 310   3   3
 311   3   3
 312   3   3
 313   4   4
 314   4   4
 315   4   4
 316   4   4
 317   4   4
 318   4   4
 319   3   3
 320   4   4
 321   4   4
 322   4   4
 323   4   4
 324   3   3
 325   3   3
 326   4   4
 327   4   4
 328   4   4
 329   4   4
 330   4   4
 331   4   4
 332   4   4
 333   4   4
 334   4   4
 335   4   4
 336   4   4
 337   4   4
 338   4   4
 339   4   4
 340   4   4
 341   4   4
 342   3   3
 343   4   4
 344   4   4
 345   4   4
 346   4   4
 347   4   4
 348   4   4
 349   4   4
 350   4   4
 351   4   4
 352   4   4
 353   3   3
 354   4   4
 355   3   3
 356   4   4
 357   4   4
 358   4   4
 359   4   4
 360   4   4
 361   3   3
 362   4   4
 363   4   4
 364   4   4
 365   4   4
 366   4   4
 367   4   4
 368   4   4
 369   4   4
 370   4   4
 371   3   3
 372   4   4
 373   4   4
 374   3   3
 375   4   4
 376   4   4
 377   4   4
 378   3   3
 379   4   4
 380   4   4
 381   4   4
 382   4   4
 383   3   3
 384   4   4
 385   3   3
 386   6   6
 387   6   6
 388   2   2
 389   2   2
 390   2   2
 391   2   2
 392   2   2
 393   1   1
 394   1   1
 395   1   1
 396   2   2
 397   2   2
 398   2   2
 399   2   2
 400   2   2
 401   5   5
 402   5   5
 403   5   5
 404   5   5
 405   5   5
 406   5   5
 407   5   5
 408   5   5
 409   5   5
 410   5   5
 411   5   5
 412   5   5
 413   5   5
 414   5   5
 415   5   5
 416   5   5
 417   5   5
 418   5   5
 419   5   5
 420   5   5
 421   5   5
 422   5   5
 423   5   5
 424   5   5
 425   5   5
 426   5   5
 427   5   5
 428   5   5
 429   5   5
 430   5   5
 431   5   5
 432   5   5
 433   5   5
 434   5   5
 435   0   0
 436   2   2
 437   2   2
 438   2   2
 439   2   2
 440   2   2
 441   2   2
 442   2   2
 443   2   2
 444   2   2
 445   2   2
 446   6   6
 447   1   1
 448   2   2
 449   5   5
 450   5   5
 451   5   5
 452   5   5
 453   5   5
 454   5   5
 455   5   5
 456   5   5
 457   5   5
 458   5   5
 459   5   5
 460   5   5
 461   5   5
 462   5   5
 463   5   5
 464   5   5
 465   2   2
 466   2   2
 467   2   2
 468   2   2
 469   2   2
 470   2   2
 471   2   2
 472   2   2
 473   2   2
 474   2   2
 475   2   2
 476   2   2
 477   2   2
 478   2   2
 479   2   2
 480   2   2
 481   2   2
 482   2   2
 483   2   2
 484   2   2
 485   2   2
 486   2   2
 487   2   2
 488   2   2
 489   2   2
 490   2   2
 491   2   2
 492   2   2
 493   2   2
 494   2   2
 495   2   2
 496   2   2
 497   2   2
 498   2   2
 499   2   2
 500   2   2
 501   2   2
 502   2   2
 503   2   2
 504   6   6
 505   1   1
 506   2   2
 507   2   2
 508   2   2
 509   2   2
 510   2   2
 511   2   2
 512   2   2
 513   2   2
 514   2   2
 515   2   2
 516   2   2
 517   2   2
 518   2   2
 519   2   2
 520   2   2
 521   2   2
 522   2   2
 523   2   2
 524   2   2
 525   2   2
 526   2   2
 527   2   2
 528   2   2
 529   2   2
 530   2   2
 531   2   2
 532   2   2
 533   2   2
 534   2   2
 535   2   2
 536   2   2
 537   6   6
 538   6   6
 539   2   2
 540   2   2
 541   2   2
 542   2   2
 543   2   2
 544   2   2
 545   2   2
 546   2   2
 547   2   2
 548   2   2
 549   2   2
 550   2   2
 551   2   2
 552   2   2
 553   2   2
 554   6   6
 555   6   6
 556   2   2
 557   2   2
 558   2   2
 559   2   2
 560   2   2
 561   2   2
 562   2   2
 563   2   2
 564   2   2
 565   2   2
 566   2   2
 567   2   2
 568   2   2
 569   2   2
 570   6   6
 571   2   2
 572   2   2
 573   2   2
 574   2   2
 575   2   2
 576   2   2
 577   2   2
 578   2   2
 579   2   2
 580   2   2
 581   2   2
 582   2   2
 583   2   2
 584   2   2
 585   2   2
 586   2   2
 587   2   2
 588   2   2
 589   2   2
 590   2   2
 591   2   2
 592   2   2
 593   2   2
 594   2   2
 595   2   2
 596   2   2
 597   2   2
 598   2   2
 599   2   2
 600   2   2
 601   2   2
 602   2   2
 603   2   2
 604   2   2
 605   2   2
 606   2   2
 607   2   2
 608   2   2
 609   2   2
 610   2   2
 611   2   2
 612   2   2
 613   2   2
 614   2   2
 615   2   2
 616   2   2
 617   2   2
 618   2   2
 619   2   2
 620   2   2
 621   2   2
 622   2   2
 623   2   2
 624   2   2
 625   2   2
 626   6   6
 627   2   2
 628   2   2
 629   2   2
 630   2   2
 631   2   2
 632   2   2
 633   2   2
 634   2   2
 635   2   2
 636   2   2
 637   5   5
 638   5   5
 639   5   5
 640   5   5
 641   5   5
 642   5   5
 643   5   5
 644   5   5
 645   5   5
 646   5   5
 647   5   5
 648   5   5
 649   5   5
 650   5   5
 651   5   5
 652   5   5
 653   5   5
 654   5   5
 655   5   5
 656   5   5
 657   6   6
 658   1   1
 659   5   5
 660   5   5
 661   5   5
 662   5   5
 663   5   5
 664   5   5
 665   5   5
 666   5   5
 667   5   5
 668   5   5
 669   5   5
 670   5   5
 671   5   5
 672   5   5
 673   5   5
 674   5   5
 675   5   5
 676   5   5
 677   5   5
 678   5   5
 679   5   5
 680   5   5
 681   5   5
 682   5   5
 683   5   5
 684   5   5
 685   5   5
 686   5   5
 687   5   5
 688   5   5
 689   5   5
 690   5   5
 691   5   5
 692   5   5
 693   5   5
 694   5   5
 695   5   5
 696   5   5
 697   5   5
 698   5   5
 699   5   5
 700   5   5
 701   5   5
 702   5   5
 703   5   5
 704   5   5
 705   5   5
 706   5   5
 707   5   5
 708   5   5
 709   6   6
 710   1   1
 711   2   2
 712   2   2
 713   2   2
 714   2   2
 715   2   2
 716   2   2
 717   2   2
 718   5   5
 719   5   5
 720   5   5
 721   5   5
 722   5   5
 723   5   5
 724   5   5
 725   5   5
 726   5   5
 727   5   5
 728   5   5
 729   5   5
 730   5   5
 731   5   5
 732   5   5
 733   5   5
 734   6   6
 735   1   1
 736   2   2
 737   2   2
 738   2   2
 739   2   2
 740   2   2
 741   2   2
 742   2   2
 743   2   2
 744   2   2
 745   2   2
 746   2   2
 747   2   2
 748   2   2
 749   6   6
 750   2   2
 751   2   2
 752   2   2
 753   2   2
 754   2   2
 755   2   2
 756   2   2
 757   2   2
 758   2   2
 759   2   2
 760   2   2
 761   2   2
 762   2   2
 763   2   2
 764   2   2
 765   2   2
 766   2   2
 767   2   2
 768   2   2
 769   2   2
 770   2   2
 771   2   2
 772   2   2
 773   2   2
 774   2   2
 775   2   2
 776   2   2
 777   2   2
 778   2   2
 779   2   2
 780   2   2
 781   2   2
 782   2   2
 783   2   2
 784   2   2
 785   2   2
 786   2   2
 787   2   2
 788   2   2
 789   2   2
 790   2   2
 791   2   2
 792   2   2
 793   2   2
 794   2   2
 795   2   2
 796   2   2
 797   2   2
 798   2   2
 799   2   2
 800   3   3
 801   2   2
 802   2   2
 803   2   2
 804   2   2
 805   3   3
 806   3   3
 807   3   3
 808   3   3
 809   2   2
 810   3   3
 811   3   3
 812   2   2
 813   3   3
 814   3   3
 815   3   3
 816   3   3
 817   3   3
 818   3   3
 819   6   6
 820   6   6
 821   2   2
 822   2   2
 823   2   2
 824   2   2
 825   2   2
 826   2   2
 827   2   2
 828   2   2
 829   2   2
 830   2   2
 831   2   2
 832   2   2
 833   2   2
 834   2   2
 835   2   2
 836   2   2
 837   2   2
 838   2   2
 839   2   2
 840   2   2
 841   2   2
 842   2   2
 843   2   2
 844   2   2
 845   2   2
 846   2   2
 847   2   2
 848   2   2
 849   2   2
 850   5   5
 851   5   5
 852   5   5
 853   5   5
 854   5   5
 855   5   5
 856   5   5
 857   5   5
 858   5   5
 859   5   5
 860   5   5
 861   5   5
 862   5   5
 863   5   5
 864   5   5
 865   5   5
 866   5   5
 867   5   5
 868   5   5
 869   5   5
 870   5   5
 871   5   5
 872   5   5
 873   5   5
 874   5   5
 875   5   5
 876   5   5
 877   5   5
 878   5   5
 879   5   5
 880   5   5
 881   5   5
 882   5   5
 883   5   5
 884   5   5
 885   5   5
 886   5   5
 887   5   5
 888   5   5
 889   5   5
 890   5   5
 891   5   5
 892   5   5
 893   5   5
 894   5   5
 895   5   5
 896   5   5
 897   5   5
 898   5   5
 899   5   5
 900   5   5
 901   5   5
 902   5   5
 903   5   5
 904   5   5
 905   5   5
 906   6   6
 907   1   1
 908   2   2
 909   2   2
 910   2   2
 911   2   2
 912   2   2
 913   2   2
 914   2   2
 915   2   2
 916   2   2
 917   2   2
 918   2   2
 919   2   2
 920   2   2
 921   2   2
 922   2   2
 923   2   2
 924   6   6
 925   2   2
 926   2   2
 927   2   2
 928   2   2
 929   2   2
 930   2   2
 931   2   2
 932   2   2
 933   2   2
 934   2   2
 935   2   2
 936   2   2
 937   2   2
 938   2   2
 939   2   2
 940   2   2
 941   2   2
 942   2   2
 943   2   2
 944   2   2
 945   2   2
 946   2   2
 947   2   2
 948   2   2
 949   2   2
 950   2   2
 951   2   2
 952   2   2
 953   2   2
 954   2   2
 955   2   2
 956   2   2
 957   2   2
 958   2   2
 959   2   2
 960   2   2
 961   2   2
 962   2   2
 963   2   2
 964   2   2
 965   2   2
 966   2   2
 967   2   2
 968   2   2
 969   2   2
 970   2   2
 971   2   2
 972   2   2
 973   2   2
 974   2   2
 975   2   2
 976   2   2
 977   2   2
 978   2   2
 979   2   2
 980   2   2
 981   2   2
 982   2   2
 983   2   2
 984   2   2
 985   2   2
 986   2   2
 987   2   2
 988   2   2
 989   2   2
 990   6   6
 991   2   2
 992   2   2
 993   2   2
 994   2   2
 995   2   2
 996   2   2
 997   2   2
 998   2   2
 999   2   2
1000   2   2
1001   2   2
1002   2   2
1003   6   6
1004   0   0
1005   0   0
1006   6   6
1007   0   0
1008   0   0
1009   0   0
1010   0   0
1011   0   0
1012   2   2
1013   2   2
1014   2   2
1015   2   2
1016   2   2
1017   2   2
1018   2   2
1019   2   2
1020   2   2
1021   2   2
1022   6   6
1023   6   6
