   1   7   7
   2   7   7
   3   7   7
   4   7   7
   5   7   7
   6   7   7
   7   7   7
   8   7   7
   9   7   7
  10   7   7
  11   7   7
  12   7   7
  13   7   7
  14   7   7
  15   0   0
  16   6   6
  17   0   0
  18   0   0
  19   0   0
  20   0   0
  21   0   0
  22   0   0
  23   1   1
  24   1   1
  25   2   2
  26   2   2
  27   2   2
  28   2   2
  29   2   2
  30   2   2
  31   2   2
  32   2   2
  33   2   2
  34   2   2
  35   2   2
  36   2   2
  37   3   3
  38   2   2
  39   3   3
  40   2   2
  41   2   2
  42   2   2
  43   2   2
  44   2   2
  45   3   3
  46   3   3
  47   2   2
  48   3   3
  49   4   4
  50   4   4
  51   4   4
  52   4   4
  53   4   4
  54   4   4
  55   4   4
  56   4   4
  57   4   4
  58   4   4
  59   4   4
  60   4   4
  61   4   4
  62   4   4
  63   3   3
  64   4   4
  65   4   4
  66   4   4
  67   4   4
  68   4   4
  69   4   4
  70   4   4
  71   4   4
  72   4   4
  73   4   4
  74   4   4
  75   4   4
  76   4   4
  77   4   4
  78   4   4
  79   4   4
  80   4   4
  81   4   4
  82   4   4
  83   4   4
  84   4   4
  85   4   4
  86   4   4
  87   4   4
  88   4   4
  89   4   4
  90   4   4
  91   4   4
  92   4   4
  93   4   4
  94   4   4
  95   4   4
  96   4   4
  97   4   4
  98   4   4
  99   4   4
 100   4   4
 101   4   4
 102   4   4
 103   4   4
 104   4   4
 105   6   6
 106   2   2
 107   2   2
 108   2   2
 109   2   2
 110   2   2
 111   2   2
 112   2   2
 113   2   2
 114   3   3
 115   2   2
 116   2   2
 117   2   2
 118   2   2
 119   2   2
 120   2   2
 121   2   2
 122   2   2
 123   2   2
 124   2   2
 125   2   2
 126   2   2
 127   2   2
 128   2   2
 129   2   2
 130   2   2
 131   2   2
 132   2   2
 133   2   2
 134   2   2
 135   2   2
 136   2   2
 137   2   2
 138   2   2
 139   6   6
 140   2   2
 141   2   2
 142   2   2
 143   2   2
 144   2   2
 145   2   2
 146   2   2
 147   2   2
 148   2   2
 149   2   2
 150   2   2
 151   2   2
 152   2   2
 153   2   2
 154   2   2
 155   2   2
 156   3   3
 157   2   2
 158   2   2
 159   2   2
 160   2   2
 161   2   2
 162   2   2
 163   2   2
 164   2   2
 165   3   3
 166   3   3
 167   3   3
 168   4   4
 169   4   4
 170   4   4
 171   3   3
 172   2   2
 173   3   3
 174   2   2
 175   2   2
 176   2   2
 177   3   3
 178   2   2
 179   4   4
 180   4   4
 181   4   4
 182   3   3
 183   3   3
 184   4   4
 185   4   4
 186   4   4
 187   6   6
 188   2   2
 189   2   2
 190   2   2
 191   2   2
 192   2   2
 193   2   2
 194   2   2
 195   2   2
 196   2   2
 197   2   2
 198   2   2
 199   6   6
 200   6   6
 201   1   1
 202   2   2
 203   2   2
 204   2   2
 205   2   2
 206   2   2
 207   2   2
 208   2   2
 209   2   2
 210   2   2
 211   2   2
 212   2   2
 213   2   2
 214   2   2
 215   2   2
 216   2   2
 217   6   6
 218   2   2
 219   2   2
 220   2   2
 221   2   2
 222   2   2
 223   2   2
 224   2   2
 225   2   2
 226   2   2
 227   2   2
 228   2   2
 229   2   2
 230   2   2
 231   2   2
 232   2   2
 233   6   6
 234   2   2
 235   2   2
 236   2   2
 237   2   2
 238   2   2
 239   2   2
 240   2   2
 241   2   2
 242   2   2
 243   2   2
 244   2   2
 245   3   3
 246   2   2
 247   3   3
 248   3   3
 249   2   2
 250   3   3
 251   3   3
 252   4   4
 253   4   4
 254   4   4
 255   4   4
 256   4   4
 257   4   4
 258   4   4
 259   4   4
 260   4   4
 261   4   4
 262   4   4
 263   4   4
 264   4   4
 265   4   4
 266   4   4
 267   4   4
 268   4   4
 269   4   4
 270   4   4
 271   4   4
 272   4   4
 273   4   4
 274   4   4
 275   4   4
 276   4   4
 277   4   4
 278   4   4
 279   4   4
 280   4   4
 281   4   4
 282   4   4
 283   4   4
 284   4   4
 285   4   4
 286   4   4
 287   4   4
 288   4   4
 289   4   4
 290   4   4
 291   4   4
 292   4   4
 293   4   4
 294   4   4
 295   4   4
 296   4   4
 297   4   4
 298   4   4
 299   4   4
 300   4   4
 301   4   4
 302   4   4
 303   4   4
 304   4   4
 305   4   4
 306   4   4
 307   4   4
 308   4   4
 309   4   4
 310   6   6
 311   6   6
 312   2   2
 313   2   2
 314   2   2
 315   2   2
 316   2   2
 317   2   2
 318   2   2
 319   2   2
 320   2   2
 321   2   2
 322   5   5
 323   5   5
 324   5   5
 325   5   5
 326   5   5
 327   5   5
 328   5   5
 329   5   5
 330   5   5
 331   5   5
 332   5   5
 333   5   5
 334   5   5
 335   5   5
 336   5   5
 337   5   5
 338   5   5
 339   5   5
 340   5   5
 341   5   5
 342   5   5
 343   5   5
 344   5   5
 345   5   5
 346   5   5
 347   5   5
 348   5   5
 349   5   5
 350   5   5
 351   5   5
 352   5   5
 353   5   5
 354   5   5
 355   5   5
 356   5   5
 357   5   5
 358   5   5
 359   5   5
 360   5   5
 361   5   5
 362   5   5
 363   5   5
 364   5   5
 365   5   5
 366   5   5
 367   5   5
 368   5   5
 369   5   5
 370   5   5
 371   5   5
 372   5   5
 373   5   5
 374   5   5
 375   5   5
 376   5   5
 377   5   5
 378   5   5
 379   5   5
 380   5   5
 381   5   5
 382   5   5
 383   5   5
 384   5   5
 385   5   5
 386   5   5
 387   5   5
 388   5   5
 389   5   5
 390   5   5
 391   5   5
 392   5   5
 393   5   5
 394   2   2
 395   2   2
 396   2   2
 397   2   2
 398   2   2
 399   2   2
 400   2   2
 401   2   2
 402   2   2
 403   6   6
 404   1   1
 405   1   1
 406   2   2
 407   1   1
 408   2   2
 409   2   2
 410   2   2
 411   2   2
 412   2   2
 413   2   2
 414   2   2
 415   2   2
 416   2   2
 417   2   2
 418   2   2
 419   2   2
 420   2   2
 421   2   2
 422   2   2
 423   2   2
 424   2   2
 425   2   2
 426   2   2
 427   2   2
 428   2   2
 429   2   2
 430   2   2
 431   2   2
 432   2   2
 433   2   2
 434   2   2
 435   2   2
 436   2   2
 437   2   2
 438   2   2
 439   2   2
 440   2   2
 441   2   2
 442   2   2
 443   2   2
 444   2   2
 445   2   2
 446   2   2
 447   3   3
 448   2   2
 449   2   2
 450   2   2
 451   2   2
 452   2   2
 453   2   2
 454   2   2
 455   2   2
 456   2   2
 457   2   2
 458   2   2
 459   2   2
 460   2   2
 461   2   2
 462   2   2
 463   2   2
 464   2   2
 465   2   2
 466   6   6
 467   1   1
 468   2   2
 469   2   2
 470   2   2
 471   2   2
 472   2   2
 473   2   2
 474   2   2
 475   2   2
 476   2   2
 477   2   2
 478   2   2
 479   2   2
 480   2   2
 481   2   2
 482   2   2
 483   2   2
 484   2   2
 485   2   2
 486   2   2
 487   2   2
 488   2   2
 489   2   2
 490   2   2
 491   2   2
 492   2   2
 493   2   2
 494   2   2
 495   2   2
 496   2   2
 497   2   2
 498   6   6
 499   2   2
 500   2   2
 501   2   2
 502   2   2
 503   2   2
 504   2   2
 505   2   2
 506   2   2
 507   2   2
 508   2   2
 509   2   2
 510   5   5
 511   5   5
 512   5   5
 513   5   5
 514   5   5
 515   5   5
 516   5   5
 517   5   5
 518   5   5
 519   5   5
 520   5   5
 521   5   5
 522   5   5
 523   5   5
 524   5   5
 525   5   5
 526   5   5
 527   5   5
 528   5   5
 529   5   5
 530   5   5
 531   5   5
 532   5   5
 533   5   5
 534   5   5
 535   5   5
 536   5   5
 537   5   5
 538   5   5
 539   5   5
 540   5   5
 541   5   5
 542   5   5
 543   5   5
 544   1   1
 545   2   2
 546   2   2
 547   2   2
 548   2   2
 549   2   2
 550   2   2
 551   2   2
 552   2   2
 553   5   5
 554   5   5
 555   2   2
 556   2   2
 557   2   2
 558   2   2
 559   2   2
 560   2   2
 561   2   2
 562   2   2
 563   5   5
 564   5   5
 565   1   1
 566   2   2
 567   2   2
 568   2   2
 569   2   2
 570   2   2
 571   2   2
 572   2   2
 573   2   2
 574   2   2
 575   2   2
 576   2   2
 577   2   2
 578   6   6
 579   2   2
 580   2   2
 581   2   2
 582   2   2
 583   2   2
 584   2   2
 585   6   6
 586   2   2
 587   2   2
 588   2   2
 589   2   2
 590   2   2
 591   2   2
 592   2   2
 593   2   2
 594   2   2
 595   2   2
 596   2   2
 597   2   2
 598   2   2
 599   2   2
 600   2   2
 601   2   2
 602   2   2
 603   2   2
 604   2   2
 605   2   2
 606   2   2
 607   2   2
 608   2   2
 609   2   2
 610   2   2
 611   2   2
 612   2   2
 613   2   2
 614   2   2
 615   2   2
 616   3   3
 617   2   2
 618   2   2
 619   2   2
 620   2   2
 621   2   2
 622   2   2
 623   2   2
 624   3   3
 625   2   2
 626   2   2
 627   2   2
 628   2   2
 629   3   3
 630   2   2
 631   3   3
 632   2   2
 633   3   3
 634   3   3
 635   3   3
 636   3   3
 637   3   3
 638   4   4
 639   4   4
 640   4   4
 641   4   4
 642   6   6
 643   6   6
 644   2   2
 645   2   2
 646   2   2
 647   2   2
 648   2   2
 649   2   2
 650   2   2
 651   1   1
 652   2   2
 653   2   2
 654   2   2
 655   2   2
 656   2   2
 657   2   2
 658   2   2
 659   2   2
 660   2   2
 661   2   2
 662   2   2
 663   6   6
 664   6   6
 665   1   1
 666   1   1
 667   2   2
 668   2   2
 669   2   2
 670   2   2
 671   2   2
 672   2   2
 673   2   2
 674   2   2
 675   2   2
 676   6   6
 677   1   1
 678   2   2
 679   2   2
 680   2   2
 681   2   2
 682   2   2
 683   2   2
 684   5   5
 685   5   5
 686   5   5
 687   5   5
 688   5   5
 689   5   5
 690   5   5
 691   5   5
 692   5   5
 693   5   5
 694   5   5
 695   5   5
 696   5   5
 697   5   5
 698   5   5
 699   5   5
 700   5   5
 701   5   5
 702   5   5
 703   5   5
 704   5   5
 705   5   5
 706   5   5
 707   5   5
 708   5   5
 709   5   5
 710   5   5
 711   5   5
 712   5   5
 713   5   5
 714   5   5
 715   5   5
 716   5   5
 717   5   5
 718   5   5
 719   5   5
 720   5   5
 721   5   5
 722   5   5
 723   5   5
 724   5   5
 725   5   5
 726   5   5
 727   5   5
 728   5   5
 729   5   5
 730   5   5
 731   5   5
 732   5   5
 733   5   5
 734   6   6
 735   1   1
 736   2   2
 737   2   2
 738   2   2
 739   2   2
 740   2   2
 741   2   2
 742   2   2
 743   2   2
 744   2   2
 745   6   6
 746   1   1
 747   2   2
 748   2   2
 749   2   2
 750   2   2
 751   2   2
 752   2   2
 753   2   2
 754   2   2
 755   2   2
 756   2   2
 757   2   2
 758   2   2
 759   2   2
 760   2   2
 761   2   2
 762   2   2
 763   2   2
 764   2   2
 765   2   2
 766   2   2
 767   2   2
 768   2   2
 769   2   2
 770   2   2
 771   2   2
 772   2   2
 773   2   2
 774   2   2
 775   2   2
 776   2   2
 777   2   2
 778   2   2
 779   2   2
 780   2   2
 781   2   2
 782   2   2
 783   2   2
 784   3   3
 785   2   2
 786   3   3
 787   3   3
 788   3   3
 789   4   4
 790   4   4
 791   4   4
 792   3   3
 793   3   3
 794   4   4
 795   4   4
 796   4   4
 797   4   4
 798   4   4
 799   4   4
 800   4   4
 801   4   4
 802   4   4
 803   4   4
 804   4   4
 805   4   4
 806   4   4
 807   4   4
 808   3   3
 809   4   4
 810   4   4
 811   4   4
 812   4   4
 813   6   6
 814   3   3
 815   6   6
 816   2   2
 817   2   2
 818   2   2
 819   2   2
 820   2   2
 821   2   2
 822   2   2
 823   2   2
 824   2   2
 825   2   2
 826   2   2
 827   2   2
 828   2   2
 829   2   2
 830   2   2
 831   2   2
 832   2   2
 833   2   2
 834   6   6
 835   0   0
 836   1   1
 837   2   2
 838   2   2
 839   2   2
 840   2   2
 841   2   2
 842   2   2
 843   2   2
 844   2   2
 845   2   2
 846   2   2
 847   2   2
 848   2   2
 849   2   2
 850   2   2
 851   5   5
 852   5   5
 853   5   5
 854   5   5
 855   5   5
 856   5   5
 857   5   5
 858   5   5
 859   5   5
 860   5   5
 861   5   5
 862   5   5
 863   5   5
 864   5   5
 865   5   5
 866   5   5
 867   5   5
 868   5   5
 869   5   5
 870   5   5
 871   5   5
 872   5   5
 873   5   5
 874   5   5
 875   5   5
 876   5   5
 877   5   5
 878   5   5
 879   5   5
 880   5   5
 881   5   5
 882   5   5
 883   5   5
 884   5   5
 885   5   5
 886   5   5
 887   5   5
 888   5   5
 889   5   5
 890   5   5
 891   5   5
 892   5   5
 893   5   5
 894   5   5
 895   5   5
 896   5   5
 897   5   5
 898   2   2
 899   5   5
 900   5   5
 901   5   5
 902   5   5
 903   5   5
 904   5   5
 905   5   5
 906   5   5
 907   5   5
 908   5   5
 909   5   5
 910   5   5
 911   5   5
 912   5   5
 913   5   5
 914   5   5
 915   5   5
 916   5   5
 917   5   5
 918   5   5
 919   5   5
 920   5   5
 921   5   5
 922   5   5
 923   2   2
 924   2   2
 925   2   2
 926   2   2
 927   2   2
 928   2   2
 929   2   2
 930   2   2
 931   2   2
 932   2   2
 933   2   2
 934   6   6
 935   1   1
 936   2   2
 937   6   6
 938   1   1
 939   1   1
 940   1   1
 941   1   1
 942   1   1
 943   2   2
 944   2   2
 945   2   2
 946   2   2
 947   2   2
 948   2   2
 949   2   2
 950   2   2
 951   2   2
 952   2   2
 953   2   2
 954   2   2
 955   2   2
 956   2   2
 957   2   2
 958   2   2
 959   2   2
 960   2   2
 961   2   2
 962   2   2
 963   2   2
 964   2   2
 965   2   2
 966   2   2
 967   2   2
 968   2   2
 969   2   2
 970   2   2
 971   6   6
 972   6   6
 973   6   6
 974   6   6
 975   6   6
 976   6   6
 977   6   6
