1	6	6
2	0	6
3	0	6
4	6	6
5	6	6
6	0	0
7	0	0
8	1	1
9	1	1
10	1	1
11	2	2
12	2	2
13	2	2
14	2	2
15	2	2
16	2	6
17	2	2
18	2	2
19	2	6
20	0	6
21	1	1
22	2	2
23	2	2
24	2	2
25	0	0
26	0	6
27	1	1
28	0	6
29	1	6
30	2	2
31	2	6
32	2	2
33	2	6
34	2	2
35	3	3
36	3	3
37	3	3
38	4	4
39	4	4
40	4	4
41	4	4
42	4	6
43	4	6
44	4	6
45	4	6
46	4	6
47	4	6
48	4	4
49	4	6
50	4	6
51	4	4
52	4	6
53	4	6
54	4	6
55	4	6
56	4	6
57	4	6
58	4	6
59	4	6
60	4	4
61	4	6
62	4	6
63	4	6
64	4	6
65	4	6
66	4	6
67	4	6
68	4	6
69	4	4
70	4	6
71	4	6
72	4	6
73	4	6
74	4	6
75	4	6
76	4	6
77	4	6
78	4	6
79	4	6
80	4	6
81	4	6
82	4	6
83	4	6
84	4	6
85	4	6
86	4	6
87	4	6
88	4	4
89	4	4
90	4	6
91	4	4
92	4	6
93	4	4
94	4	6
95	4	6
96	4	4
97	4	6
98	4	6
99	4	6
100	6	6
101	4	6
102	4	4
103	4	6
104	4	4
105	4	4
106	4	4
107	4	4
108	4	4
109	4	4
110	4	4
111	4	4
112	4	4
113	4	4
114	4	6
115	4	6
116	4	4
117	4	4
118	4	4
119	4	4
120	4	4
121	4	4
122	4	6
123	4	6
124	4	6
125	4	4
126	4	4
127	4	6
128	4	6
129	4	6
130	4	4
131	4	6
132	4	6
133	4	4
134	4	6
135	4	6
136	4	4
137	4	4
138	4	6
139	4	4
140	4	6
141	4	6
142	4	6
143	4	6
144	4	4
145	4	6
146	4	4
147	4	6
148	4	6
149	4	6
150	4	4
151	4	4
152	4	6
153	4	6
154	4	6
155	4	6
156	4	4
157	4	6
158	4	6
159	4	4
160	4	4
161	4	4
162	4	6
163	6	6
164	2	6
165	2	2
166	2	6
167	2	2
168	2	2
169	7	6
170	1	1
171	1	6
172	2	2
173	2	2
174	1	1
175	1	1
176	2	2
177	1	1
178	0	0
179	0	0
180	0	6
181	0	0
182	1	6
183	0	6
184	0	6
185	1	1
186	0	0
187	0	6
188	1	1
189	0	6
190	0	6
191	1	6
192	2	2
193	2	2
194	2	2
195	2	2
196	2	2
197	2	6
198	2	6
199	2	6
200	2	6
201	2	6
202	2	2
203	2	2
204	2	2
205	6	6
206	0	6
207	2	2
208	2	2
209	2	2
210	2	2
211	2	2
212	2	2
213	6	6
214	2	6
215	2	6
216	2	6
217	2	2
218	2	2
219	2	2
220	2	2
221	2	6
222	2	6
223	2	6
224	2	6
225	3	6
226	2	6
227	2	6
228	2	6
229	2	2
230	2	2
231	2	2
232	2	2
233	2	2
234	2	6
235	2	2
236	2	2
237	3	3
238	2	2
239	4	6
240	2	6
241	2	6
242	2	6
243	2	6
244	2	6
245	2	6
246	2	6
247	2	2
248	2	2
249	2	2
250	3	3
251	2	2
252	2	2
253	3	3
254	3	3
255	3	3
256	3	6
257	3	3
258	4	4
259	4	4
260	4	4
261	4	6
262	4	4
263	4	4
264	4	6
265	4	4
266	4	4
267	4	6
268	4	4
269	3	3
270	3	3
271	3	6
272	2	6
273	2	2
274	2	6
275	2	2
276	2	2
277	2	2
278	3	6
279	3	6
280	3	6
281	3	6
282	3	6
283	3	6
284	4	6
285	4	6
286	4	6
287	4	6
288	4	4
289	4	6
290	6	6
291	0	6
292	0	6
293	2	6
294	2	6
295	2	6
296	0	6
297	1	1
298	1	6
299	1	1
300	0	0
301	0	0
302	1	1
303	0	6
304	0	6
305	1	1
306	1	1
307	0	0
308	0	0
309	0	0
310	1	1
311	1	1
312	1	6
313	1	6
314	1	1
315	1	1
316	1	1
317	1	1
318	5	6
319	5	6
320	5	5
321	5	6
322	5	6
323	5	6
324	5	1
325	5	6
326	5	6
327	5	5
328	5	5
329	5	5
330	5	5
331	5	5
332	2	2
333	5	5
334	5	6
335	5	6
336	5	5
337	5	5
338	5	5
339	5	6
340	5	5
341	5	5
342	5	5
343	5	6
344	0	0
345	1	1
346	2	2
347	2	6
348	1	1
349	2	6
350	2	6
351	2	6
352	2	6
353	2	6
354	2	6
355	2	6
356	2	6
357	2	6
358	2	6
359	2	6
360	2	6
361	2	6
362	2	6
363	2	6
364	2	6
365	2	6
366	2	6
367	2	6
368	2	6
369	2	6
370	2	6
371	2	6
372	2	6
373	2	6
374	6	6
375	0	6
376	2	6
377	2	6
378	2	6
379	2	6
380	2	6
381	2	6
382	2	6
383	2	2
384	2	6
385	2	2
386	2	6
387	2	6
388	2	6
389	2	6
390	2	6
391	2	6
392	2	6
393	6	6
394	2	6
395	2	6
396	2	6
397	2	6
398	2	6
399	6	6
400	2	6
401	2	6
402	0	6
403	2	6
404	2	6
405	2	6
406	2	6
407	2	6
408	2	6
409	2	6
410	2	2
411	2	6
412	2	2
413	2	2
414	2	6
415	2	6
416	2	6
417	2	2
418	2	2
419	2	2
420	3	6
421	3	6
422	3	6
423	4	6
424	3	3
425	4	4
426	4	4
427	4	4
428	4	6
429	4	6
430	4	4
431	4	6
432	4	4
433	4	6
434	4	4
435	4	4
436	4	4
437	4	4
438	4	4
439	4	4
440	4	4
441	4	4
442	4	4
443	4	6
444	4	4
445	4	4
446	4	4
447	4	4
448	4	6
449	4	6
450	4	4
451	4	4
452	4	4
453	4	4
454	4	4
455	4	4
456	4	4
457	4	4
458	4	4
459	4	4
460	4	4
461	4	4
462	4	4
463	4	4
464	4	4
465	4	6
466	4	4
467	4	4
468	4	4
469	4	4
470	4	6
471	4	4
472	4	4
473	4	4
474	4	4
475	4	4
476	4	4
477	4	4
478	4	4
479	4	4
480	4	4
481	4	4
482	4	4
483	4	4
484	4	4
485	4	6
486	6	6
487	0	6
488	0	6
489	2	6
490	5	6
491	5	5
492	5	6
493	5	6
494	5	5
495	5	6
496	5	6
497	5	6
498	5	6
499	5	5
500	5	5
501	5	5
502	5	5
503	5	5
504	6	6
505	1	6
506	1	6
507	2	2
508	5	5
509	5	0
510	5	5
511	5	5
512	5	5
513	5	5
514	5	5
515	5	6
516	5	5
517	5	5
518	5	5
519	5	5
520	5	6
521	5	5
522	2	2
523	5	5
524	5	5
525	2	2
526	2	2
527	2	2
528	2	2
529	2	2
530	2	2
531	2	2
532	2	2
533	2	2
534	2	2
535	2	2
536	2	6
537	2	6
538	1	6
539	2	6
540	2	6
541	2	6
542	2	6
543	2	6
544	2	6
545	2	6
546	2	6
547	2	6
548	2	6
549	2	6
550	2	6
551	2	6
552	2	6
553	2	6
554	2	6
555	2	6
556	2	6
557	2	6
558	2	6
559	2	6
560	2	6
561	2	6
562	2	6
563	2	6
564	2	6
565	2	6
566	2	6
567	6	6
568	2	6
569	2	6
570	2	6
571	2	6
572	2	6
573	2	6
574	2	6
575	2	6
576	2	6
577	2	6
578	2	6
579	2	6
580	2	6
581	6	6
582	6	6
583	1	1
584	2	2
585	2	2
586	0	6
587	0	6
588	1	6
589	2	6
590	2	2
591	0	6
592	1	6
593	2	2
594	2	2
595	2	2
596	2	2
597	2	6
598	2	6
599	5	6
600	5	6
601	5	6
602	5	6
603	5	6
604	5	5
605	5	5
606	5	5
607	5	5
608	5	6
609	5	5
610	5	5
611	5	5
612	5	5
613	5	5
614	5	6
615	5	5
616	5	5
617	5	6
618	5	5
619	5	6
620	5	5
621	5	6
622	6	6
623	0	6
624	0	0
625	1	1
626	1	1
627	1	1
628	1	1
629	1	1
630	1	1
631	1	1
632	1	6
633	0	6
634	1	1
635	1	1
636	1	1
637	6	6
638	0	6
639	0	6
640	0	6
641	0	6
642	1	6
643	1	6
644	0	0
645	1	1
646	2	2
647	2	2
648	6	6
649	6	6
650	0	0
651	0	0
652	0	0
653	0	6
654	6	6
655	6	6
656	6	6
657	0	0
658	0	6
659	0	0
660	0	0
661	0	0
662	0	0
663	1	1
664	0	0
665	0	0
666	1	1
667	1	1
668	0	6
669	1	1
670	0	0
671	1	6
672	1	1
673	1	1
674	1	1
675	0	0
676	0	0
677	0	0
678	0	6
679	1	6
680	1	6
681	1	1
682	1	1
683	1	6
684	1	1
685	1	6
686	1	6
687	0	6
688	0	0
689	1	1
690	1	1
691	1	6
692	1	6
693	0	0
694	1	1
695	2	2
696	1	1
697	0	6
698	2	2
699	2	2
700	0	6
701	0	0
702	1	6
703	1	1
704	1	6
705	0	0
706	0	0
707	0	0
708	0	0
709	0	0
710	1	1
711	1	6
712	0	6
713	1	6
714	0	0
715	0	0
716	6	6
717	0	0
718	0	0
719	0	6
720	0	6
721	0	0
722	0	0
723	0	6
724	1	1
725	1	1
726	0	6
727	6	6
728	0	6
729	1	6
730	1	6
731	1	1
732	1	1
733	2	2
734	2	2
735	1	1
736	1	1
737	0	6
738	0	0
739	1	1
740	1	6
741	1	6
742	1	6
743	0	6
744	1	6
745	1	1
746	2	2
747	2	2
748	2	2
749	1	6
750	1	6
751	1	6
752	0	0
753	1	2
754	1	6
755	1	6
756	1	6
757	1	6
758	1	6
759	1	6
760	2	6
761	2	6
762	2	6
763	2	6
764	2	2
765	2	6
766	7	6
767	0	0
768	1	1
769	1	6
770	0	6
771	1	6
772	1	6
773	7	6
774	7	6
775	7	6
776	7	6
777	7	6
778	7	6
779	7	6
780	0	6
781	0	6
782	7	6
783	7	6
784	7	6
785	7	6
786	7	6
787	7	6
788	7	6
789	7	6
790	0	0
791	1	1
792	7	1
793	0	0
794	1	6
795	1	6
796	1	6
797	2	6
798	6	6
799	0	6
800	0	6
801	1	6
802	1	6
803	1	6
804	1	6
805	0	6
806	1	6
807	1	6
808	1	6
809	7	6
810	7	6
811	7	6
812	7	6
813	7	6
814	7	6
815	7	6
816	7	6
817	7	6
818	7	6
819	7	6
820	7	6
821	7	6
822	7	6
823	7	6
824	7	6
825	7	6
826	7	6
827	7	6
828	7	6
829	7	6
830	7	6
831	0	6
832	0	6
833	0	6
834	0	6
835	0	6
836	6	6
837	6	6
