1	0	6
2	0	6
3	0	6
4	0	0
5	6	6
6	0	6
7	0	6
8	6	6
9	6	6
10	0	6
11	0	0
12	1	6
13	1	6
14	1	1
15	1	1
16	1	6
17	1	1
18	6	6
19	2	6
20	2	6
21	2	6
22	2	6
23	2	6
24	2	2
25	2	2
26	2	2
27	6	6
28	2	6
29	2	6
30	2	6
31	2	6
32	2	2
33	2	2
34	2	6
35	2	6
36	2	6
37	2	6
38	2	6
39	2	6
40	2	2
41	2	2
42	2	2
43	2	2
44	4	6
45	4	6
46	4	6
47	4	6
48	4	6
49	4	6
50	4	6
51	4	6
52	4	6
53	4	4
54	4	6
55	4	6
56	3	3
57	4	6
58	4	4
59	4	4
60	4	6
61	4	6
62	4	6
63	4	6
64	4	6
65	2	2
66	2	2
67	3	6
68	3	3
69	4	6
70	3	3
71	4	6
72	4	6
73	4	4
74	4	4
75	4	6
76	4	4
77	4	4
78	4	6
79	4	6
80	4	6
81	4	6
82	4	6
83	4	6
84	4	6
85	4	6
86	4	3
87	4	6
88	4	6
89	4	6
90	4	6
91	4	6
92	4	6
93	4	6
94	4	6
95	4	6
96	4	6
97	4	4
98	4	6
99	4	6
100	4	6
101	4	6
102	4	6
103	4	4
104	4	6
105	4	6
106	4	6
107	6	6
108	2	6
109	2	2
110	2	2
111	2	6
112	2	2
113	2	2
114	2	6
115	2	6
116	2	6
117	2	6
118	2	2
119	3	6
120	2	2
121	2	2
122	2	2
123	2	2
124	2	6
125	2	2
126	2	2
127	2	2
128	2	2
129	2	2
130	2	6
131	2	6
132	7	6
133	6	6
134	2	2
135	2	6
136	2	6
137	2	2
138	2	2
139	2	2
140	2	2
141	2	2
142	2	2
143	2	6
144	2	2
145	2	6
146	2	2
147	2	6
148	2	2
149	2	6
150	2	6
151	2	2
152	2	2
153	3	6
154	2	2
155	2	2
156	3	6
157	4	6
158	3	6
159	2	2
160	2	6
161	2	6
162	2	2
163	2	6
164	3	6
165	2	2
166	4	6
167	6	6
168	2	2
169	2	6
170	2	2
171	2	2
172	2	2
173	2	2
174	2	2
175	2	6
176	3	6
177	2	2
178	3	3
179	2	2
180	2	2
181	2	6
182	2	6
183	7	6
184	7	6
185	2	2
186	2	2
187	2	2
188	2	2
189	3	3
190	2	2
191	2	6
192	2	2
193	2	2
194	5	5
195	5	5
196	5	6
197	5	5
198	5	5
199	5	6
200	5	6
201	5	5
202	5	6
203	5	6
204	5	6
205	5	6
206	5	5
207	5	5
208	2	6
209	2	6
210	2	6
211	5	5
212	5	5
213	6	6
214	6	6
215	1	1
216	2	2
217	2	2
218	2	2
219	2	6
220	2	6
221	5	5
222	5	5
223	5	5
224	5	6
225	5	5
226	5	5
227	5	6
228	5	6
229	2	6
230	2	5
231	2	6
232	2	6
233	2	2
234	2	2
235	2	2
236	2	6
237	2	2
238	5	5
239	5	5
240	5	5
241	5	5
242	5	5
243	2	6
244	2	6
245	6	6
246	1	6
247	2	2
248	2	2
249	2	2
250	2	2
251	2	2
252	1	1
253	1	1
254	1	1
255	2	6
256	1	1
257	1	1
258	1	1
259	2	2
260	2	2
261	2	2
262	2	2
263	2	2
264	2	2
265	2	2
266	2	6
267	2	6
268	2	2
269	2	2
270	2	2
271	2	2
272	2	6
273	2	6
274	2	2
275	2	2
276	2	6
277	2	2
278	2	2
279	3	6
280	2	2
281	4	6
282	3	3
283	2	2
284	2	2
285	3	3
286	4	6
287	3	3
288	3	6
289	3	3
290	4	4
291	4	4
292	3	6
293	4	4
294	4	4
295	4	6
296	4	6
297	4	4
298	4	6
299	4	6
300	4	6
301	4	6
302	4	6
303	4	4
304	4	6
305	4	4
306	4	6
307	4	6
308	3	3
309	4	6
310	4	4
311	4	6
312	4	6
313	4	4
314	4	6
315	4	6
316	4	6
317	4	6
318	4	4
319	4	4
320	4	6
321	4	4
322	4	6
323	4	6
324	4	4
325	4	6
326	2	2
327	0	6
328	0	6
329	0	0
330	2	6
331	1	1
332	1	1
333	1	1
334	0	6
335	2	2
336	2	2
337	2	6
338	1	1
339	2	6
340	2	6
341	2	6
342	2	6
343	2	6
344	2	6
345	2	6
346	2	6
347	2	2
348	2	6
349	2	2
350	3	6
351	2	6
352	6	6
353	6	6
354	6	6
355	2	6
356	2	6
357	2	6
358	2	6
359	2	2
360	2	2
361	2	2
362	2	2
363	2	2
364	3	3
365	2	2
366	2	2
367	2	2
368	2	2
369	2	2
370	2	2
371	2	2
372	2	2
373	2	2
374	2	2
375	2	6
376	2	2
377	2	2
378	2	2
379	2	2
380	2	2
381	2	2
382	2	2
383	2	2
384	2	2
385	3	3
386	2	2
387	3	3
388	6	6
389	1	1
390	2	2
391	6	6
392	6	6
393	6	6
394	1	1
395	0	0
396	1	1
397	2	2
398	0	0
399	2	2
400	2	2
401	1	1
402	2	2
403	2	2
404	2	2
405	2	2
406	5	5
407	5	5
408	5	5
409	5	5
410	5	5
411	5	6
412	5	5
413	5	5
414	5	5
415	5	6
416	5	6
417	5	5
418	5	5
419	5	5
420	5	5
421	5	5
422	5	5
423	5	6
424	5	5
425	5	6
426	5	6
427	5	5
428	5	6
429	5	5
430	5	5
431	5	5
432	5	6
433	6	6
434	1	1
435	1	1
436	1	1
437	2	6
438	2	6
439	5	5
440	5	5
441	5	5
442	5	5
443	5	5
444	5	6
445	5	5
446	5	6
447	5	5
448	5	6
449	6	6
450	1	1
451	1	1
452	1	1
453	6	6
454	6	6
455	6	6
456	6	6
457	0	0
458	0	0
459	0	6
460	0	6
461	0	6
462	0	6
463	0	0
464	0	0
465	0	6
466	0	6
467	0	6
468	0	6
469	1	1
470	1	1
471	6	6
472	6	6
473	0	0
474	0	0
475	0	0
476	1	1
477	0	0
478	1	1
479	1	1
480	1	1
481	1	1
482	1	1
483	0	6
484	0	0
485	1	1
486	1	1
487	1	1
488	1	1
489	1	1
490	1	1
491	1	1
492	1	1
493	2	2
494	2	2
495	2	2
496	2	2
497	2	2
498	6	6
499	6	6
500	1	1
501	1	1
502	1	1
503	1	1
504	1	1
505	6	6
506	6	6
507	6	6
508	1	6
509	1	1
510	2	2
511	2	2
512	2	2
513	2	2
514	2	6
515	2	6
516	2	2
517	2	2
518	2	2
519	2	2
520	2	2
521	2	2
522	2	2
523	2	2
524	1	1
525	2	6
526	0	6
527	2	2
528	2	2
529	2	2
530	2	2
531	2	2
532	2	2
533	2	2
534	2	2
535	2	2
536	2	2
537	2	2
538	2	2
539	2	2
540	2	2
541	2	2
542	2	2
543	2	2
544	2	2
545	2	2
546	2	2
547	2	2
548	2	2
549	2	2
550	2	2
551	2	2
552	2	2
553	2	2
554	6	6
555	6	6
556	2	2
557	2	2
558	2	2
559	2	2
560	2	2
561	2	2
562	2	2
563	2	2
564	6	6
565	1	1
566	1	1
567	2	2
568	2	2
569	2	2
570	2	2
571	2	2
572	2	2
573	2	2
574	2	2
575	2	2
576	2	2
577	2	2
578	2	2
579	2	2
580	2	2
581	2	2
582	2	2
583	2	6
584	2	2
585	2	2
586	2	2
587	2	2
588	5	5
589	5	5
590	5	5
591	5	5
592	5	5
593	5	5
594	5	5
595	5	5
596	5	5
597	5	5
598	5	5
599	5	6
600	5	5
601	5	6
602	5	5
603	5	5
604	5	5
605	5	6
606	5	5
607	5	5
608	5	5
609	6	6
610	6	6
611	5	5
612	5	5
613	5	5
614	5	5
615	5	5
616	5	5
617	5	6
618	5	5
619	5	6
620	5	6
621	5	5
622	5	5
623	5	6
624	5	5
625	5	5
626	5	5
627	5	5
628	6	6
629	0	6
630	1	1
631	1	6
632	1	1
633	1	1
634	1	1
635	1	6
636	1	1
637	1	1
638	1	1
639	1	6
640	1	1
641	1	1
642	1	1
643	1	1
644	1	1
645	1	1
646	1	6
647	6	6
648	6	6
649	6	6
650	1	1
651	1	6
652	1	1
653	1	1
654	2	2
655	2	2
656	2	2
657	2	2
658	2	6
659	2	2
660	2	2
661	2	2
662	2	2
663	2	2
664	2	2
665	2	2
666	2	2
667	2	2
668	2	2
669	2	2
670	2	2
671	2	2
672	2	2
673	2	2
674	2	2
675	2	2
676	2	2
677	2	2
678	2	2
679	2	2
680	2	2
681	2	2
682	2	2
683	2	2
684	2	2
685	2	2
686	3	3
687	2	2
688	2	2
689	2	6
690	2	2
691	2	2
692	3	3
693	2	2
694	3	3
695	2	2
696	2	6
697	2	2
698	2	2
699	2	2
700	2	2
701	2	2
702	7	6
703	6	6
704	7	7
705	2	2
706	2	2
707	2	2
708	2	2
709	2	2
710	2	2
711	2	2
712	2	2
713	2	6
714	2	6
715	2	2
716	2	2
717	2	2
718	2	2
719	2	2
720	2	2
721	2	2
722	2	2
723	2	2
724	2	2
725	2	2
726	2	2
727	2	2
728	2	2
729	2	2
730	2	2
731	2	2
732	2	2
733	2	2
734	2	2
735	2	2
736	2	2
737	2	2
738	2	2
739	2	2
740	2	2
741	2	2
742	2	2
743	2	2
744	6	6
745	6	6
746	6	6
747	2	2
748	2	2
749	2	2
750	2	2
751	2	2
752	2	2
753	2	2
754	2	2
755	2	2
756	2	2
757	2	2
758	2	6
759	2	2
760	2	2
761	2	6
762	2	6
763	2	2
764	1	1
765	1	6
766	1	1
767	1	6
768	1	6
769	1	1
770	1	6
771	6	6
772	1	1
773	0	6
774	1	6
775	1	6
776	1	1
777	1	6
778	6	6
779	6	6
780	6	6
781	1	1
782	1	6
783	1	6
784	1	6
785	2	2
786	5	5
787	5	5
788	5	5
789	5	5
790	5	6
791	5	6
792	5	6
793	5	5
794	5	6
795	5	6
796	6	6
797	6	6
798	5	5
799	5	5
800	5	5
801	5	5
802	5	5
803	5	6
804	5	5
805	5	5
806	5	5
807	5	5
808	5	5
809	5	5
810	5	5
811	5	5
812	5	6
813	6	6
814	6	6
815	1	6
816	1	6
817	1	6
818	1	1
819	1	1
820	2	6
821	2	2
822	2	6
823	2	2
824	2	2
825	2	2
826	2	2
827	2	2
828	2	2
829	2	2
830	2	2
831	2	2
832	2	2
833	2	2
834	2	2
835	2	2
836	2	2
837	2	6
838	2	2
839	2	2
840	2	2
841	2	2
842	2	2
843	2	2
844	2	2
845	2	2
846	2	2
847	2	2
848	2	2
849	2	2
850	2	2
851	2	2
852	2	2
853	2	2
854	2	2
855	2	2
856	2	2
857	2	2
858	2	2
859	2	2
860	2	2
861	2	2
862	2	2
863	2	2
864	2	2
865	2	2
866	2	2
867	2	2
868	2	2
869	2	2
870	2	2
871	2	2
872	2	2
873	2	2
874	2	2
875	2	2
876	2	2
877	2	2
878	2	2
879	6	6
880	6	6
881	0	6
882	0	0
883	1	1
884	2	2
885	1	6
886	2	2
887	2	2
888	2	2
889	2	2
890	2	2
891	2	2
892	2	2
893	2	2
894	2	6
895	2	6
896	2	2
897	2	2
898	2	2
899	1	1
