1	6	6
2	6	6
3	6	6
4	6	6
5	0	6
6	6	6
7	6	6
8	6	6
9	6	6
10	0	6
11	0	6
12	0	6
13	0	6
14	0	6
15	0	6
16	0	6
17	0	6
18	0	6
19	0	6
20	0	0
21	0	0
22	0	0
23	0	0
24	0	6
25	6	6
26	0	6
27	0	0
28	0	0
29	0	6
30	0	6
31	0	0
32	0	0
33	6	6
34	0	0
35	0	0
36	0	0
37	1	1
38	1	1
39	1	1
40	1	6
41	1	1
42	1	6
43	1	1
44	1	1
45	6	6
46	2	2
47	1	1
48	6	6
49	6	6
50	1	6
51	2	2
52	2	2
53	2	2
54	2	2
55	2	2
56	2	2
57	2	2
58	2	2
59	3	3
60	3	3
61	3	3
62	4	4
63	4	4
64	4	4
65	4	4
66	4	4
67	4	4
68	4	4
69	4	4
70	0	6
71	0	6
72	0	6
73	0	0
74	0	6
75	1	1
76	2	2
77	2	2
78	2	2
79	6	6
80	2	2
81	2	2
82	6	6
83	0	6
84	0	6
85	2	2
86	2	2
87	2	2
88	2	2
89	2	2
90	2	2
91	3	2
92	4	3
93	4	4
94	4	4
95	4	4
96	4	4
97	4	4
98	4	4
99	4	4
100	4	4
101	4	4
102	4	4
103	4	4
104	4	4
105	4	4
106	4	4
107	4	4
108	4	4
109	4	4
110	4	4
111	4	4
112	4	4
113	4	4
114	4	4
115	4	4
116	4	4
117	4	4
118	4	4
119	4	4
120	4	4
121	4	4
122	4	4
123	4	4
124	4	4
125	4	4
126	4	4
127	4	4
128	4	4
129	4	4
130	4	4
131	4	4
132	4	4
133	4	4
134	4	4
135	4	4
136	4	4
137	4	4
138	4	4
139	4	4
140	4	4
141	4	4
142	4	4
143	4	4
144	4	4
145	4	4
146	4	4
147	4	4
148	4	4
149	4	4
150	4	4
151	4	4
152	4	4
153	4	4
154	4	4
155	4	4
156	4	4
157	4	4
158	4	4
159	4	4
160	4	4
161	4	4
162	4	4
163	4	4
164	4	4
165	4	4
166	4	4
167	4	4
168	4	4
169	4	4
170	4	4
171	4	4
172	4	4
173	4	4
174	4	4
175	4	4
176	4	4
177	4	4
178	4	4
179	0	6
180	6	6
181	6	6
182	1	2
183	1	2
184	2	2
185	2	2
186	2	2
187	2	2
188	2	2
189	2	2
190	2	2
191	2	2
192	2	2
193	2	2
194	2	2
195	2	2
196	4	4
197	3	3
198	2	2
199	2	2
200	2	2
201	3	3
202	2	2
203	2	2
204	2	2
205	2	2
206	2	2
207	2	2
208	2	6
209	6	6
210	1	6
211	2	2
212	2	2
213	2	2
214	2	2
215	2	2
216	2	2
217	2	2
218	2	2
219	2	2
220	2	2
221	2	2
222	2	2
223	2	2
224	2	2
225	2	2
226	6	6
227	2	6
228	2	6
229	2	2
230	2	2
231	2	2
232	2	2
233	2	2
234	2	2
235	2	6
236	2	2
237	2	2
238	2	2
239	2	2
240	2	3
241	3	4
242	2	2
243	2	3
244	2	3
245	2	2
246	2	3
247	3	3
248	4	4
249	4	6
250	6	6
251	0	6
252	0	6
253	6	6
254	1	1
255	2	2
256	2	6
257	2	2
258	2	2
259	2	2
260	2	2
261	2	2
262	2	2
263	2	2
264	2	2
265	2	2
266	2	2
267	2	2
268	3	3
269	2	2
270	2	2
271	2	2
272	2	3
273	2	2
274	3	3
275	2	2
276	2	2
277	2	2
278	2	2
279	3	3
280	3	3
281	4	4
282	4	4
283	2	2
284	4	4
285	4	4
286	4	4
287	4	4
288	4	4
289	4	4
290	4	4
291	4	4
292	4	4
293	4	4
294	4	4
295	4	4
296	4	4
297	4	4
298	4	4
299	4	4
300	4	4
301	4	4
302	4	4
303	4	6
304	0	6
305	0	6
306	0	6
307	2	2
308	2	2
309	2	2
310	2	2
311	2	2
312	2	2
313	2	6
314	6	6
315	6	6
316	0	6
317	0	6
318	6	6
319	6	6
320	6	6
321	0	6
322	0	6
323	0	6
324	0	0
325	1	1
326	1	1
327	2	2
328	2	2
329	2	2
330	2	2
331	2	6
332	2	2
333	2	2
334	3	3
335	3	3
336	0	6
337	1	6
338	0	6
339	1	6
340	1	1
341	2	2
342	2	2
343	2	6
344	2	2
345	2	2
346	2	2
347	5	5
348	5	5
349	5	5
350	5	5
351	5	6
352	5	6
353	5	5
354	5	5
355	5	6
356	5	6
357	2	2
358	5	6
359	5	5
360	5	5
361	5	5
362	5	5
363	5	5
364	5	5
365	5	5
366	6	6
367	5	5
368	5	5
369	5	5
370	5	5
371	5	5
372	5	5
373	5	6
374	5	6
375	5	6
376	5	5
377	5	5
378	6	6
379	0	6
380	0	6
381	0	6
382	1	6
383	2	2
384	2	2
385	2	2
386	2	2
387	2	2
388	2	2
389	2	2
390	2	2
391	2	2
392	2	2
393	2	2
394	2	2
395	2	2
396	2	2
397	2	2
398	2	2
399	2	2
400	2	2
401	2	2
402	2	2
403	2	2
404	2	2
405	2	2
406	2	2
407	2	2
408	2	2
409	2	2
410	2	2
411	2	2
412	2	2
413	2	2
414	6	6
415	6	6
416	2	2
417	2	2
418	2	2
419	2	2
420	2	3
421	3	3
422	3	3
423	3	3
424	3	3
425	3	3
426	3	3
427	3	3
428	4	3
429	4	4
430	4	4
431	4	4
432	4	4
433	4	4
434	4	4
435	4	4
436	6	6
437	2	6
438	2	2
439	2	2
440	6	6
441	2	2
442	2	2
443	2	2
444	2	2
445	2	2
446	3	3
447	2	2
448	4	4
449	4	4
450	4	4
451	4	4
452	4	4
453	4	4
454	4	4
455	4	4
456	4	4
457	4	4
458	4	4
459	4	4
460	4	4
461	4	4
462	4	4
463	4	4
464	4	4
465	4	4
466	4	4
467	4	4
468	4	4
469	4	4
470	4	4
471	4	4
472	4	4
473	4	4
474	4	6
475	6	6
476	0	6
477	0	6
478	2	2
479	2	6
480	2	2
481	2	2
482	2	2
483	2	2
484	2	2
485	3	3
486	2	2
487	2	2
488	2	2
489	2	6
490	2	2
491	2	2
492	2	6
493	2	2
494	2	2
495	2	2
496	2	2
497	2	2
498	6	6
499	6	6
500	6	6
501	6	6
502	2	2
503	2	2
504	2	2
505	2	2
506	2	6
507	6	6
508	2	6
509	2	2
510	2	6
511	2	2
512	2	2
513	2	2
514	2	2
515	2	2
516	2	2
517	2	2
518	2	2
519	5	5
520	5	5
521	5	5
522	5	5
523	5	5
524	5	5
525	5	6
526	5	5
527	5	5
528	5	5
529	5	6
530	5	5
531	5	5
532	5	6
533	5	6
534	5	5
535	5	5
536	5	5
537	5	6
538	5	0
539	5	5
540	5	5
541	5	5
542	5	5
543	5	6
544	5	6
545	5	6
546	5	6
547	5	6
548	5	6
549	5	6
550	5	5
551	5	5
552	5	5
553	5	5
554	5	5
555	5	5
556	5	5
557	5	6
558	5	6
559	5	6
560	5	6
561	5	6
562	5	6
563	5	5
564	5	5
565	5	5
566	6	6
567	0	6
568	1	6
569	1	6
570	1	1
571	1	6
572	2	2
573	2	2
574	2	2
575	2	2
576	2	2
577	2	2
578	2	2
579	2	2
580	2	2
581	2	2
582	2	2
583	2	2
584	2	2
585	2	2
586	2	2
587	2	6
588	2	6
589	2	2
590	2	2
591	2	2
592	2	2
593	2	2
594	2	2
595	2	2
596	2	2
597	2	2
598	2	2
599	2	2
600	2	2
601	2	2
602	2	6
603	2	2
604	2	2
605	2	2
606	2	2
607	2	2
608	2	2
609	2	2
610	2	2
611	3	3
612	3	3
613	2	2
614	3	3
615	3	3
616	3	3
617	2	2
618	4	4
619	4	4
620	4	4
621	4	4
622	4	4
623	4	4
624	4	4
625	4	4
626	4	4
627	4	4
628	4	4
629	4	4
630	4	4
631	4	4
632	4	4
633	4	4
634	4	4
635	4	4
636	4	4
637	4	4
638	4	4
639	4	4
640	4	4
641	4	4
642	4	4
643	4	4
644	4	4
645	4	4
646	4	4
647	4	4
648	4	4
649	4	4
650	4	4
651	4	4
652	4	4
653	4	4
654	4	4
655	4	4
656	4	4
657	4	4
658	4	4
659	4	4
660	4	4
661	4	4
662	4	4
663	4	4
664	4	4
665	4	4
666	4	4
667	4	4
668	4	4
669	4	4
670	4	4
671	4	4
672	4	4
673	6	6
674	0	6
675	0	6
676	6	6
677	1	1
678	2	2
679	2	2
680	2	2
681	2	2
682	6	6
683	6	6
684	2	2
685	2	2
686	2	2
687	2	2
688	2	2
689	2	2
690	2	2
691	2	2
692	2	2
693	2	2
694	2	2
695	2	2
696	2	2
697	2	2
698	2	6
699	1	6
700	2	2
701	2	2
702	2	2
703	2	2
704	6	6
705	2	2
706	2	2
707	2	2
708	2	2
709	2	2
710	2	2
711	2	2
712	6	6
713	2	2
714	2	2
715	2	2
716	2	2
717	6	6
718	2	2
719	2	2
720	2	2
721	2	2
722	2	2
723	2	2
724	2	2
725	2	2
726	2	2
727	2	2
728	6	6
729	1	6
730	2	2
731	2	2
732	2	2
733	2	2
734	2	2
735	2	2
736	2	6
737	2	2
738	2	6
739	2	2
740	2	2
741	2	2
742	2	2
743	2	2
744	2	2
745	1	1
746	6	6
747	5	5
748	5	5
749	6	6
750	5	5
751	5	6
752	5	6
753	5	6
754	5	6
755	5	6
756	5	6
757	5	6
758	5	6
759	5	5
760	5	5
761	5	5
762	5	6
763	0	6
764	0	6
765	0	0
766	0	0
767	0	6
768	0	6
769	1	1
770	1	1
771	1	1
772	2	2
773	2	2
774	5	5
775	5	5
776	5	6
777	5	5
778	5	6
779	5	6
780	5	6
781	5	6
782	5	6
783	5	6
784	5	6
785	5	6
786	5	6
787	5	6
788	5	6
789	5	6
790	5	6
791	5	6
792	5	6
793	5	6
794	5	6
795	5	6
796	5	6
797	5	6
798	5	6
799	5	6
800	5	6
801	5	6
802	5	6
803	5	6
804	5	6
805	5	6
806	5	6
807	5	2
808	5	1
809	5	1
810	5	1
811	5	6
812	5	6
813	5	1
814	5	1
815	5	1
816	5	1
817	5	0
818	5	1
819	5	2
820	6	6
821	0	6
822	1	1
823	1	6
824	6	6
825	0	0
826	0	6
827	0	6
828	1	1
829	1	1
830	1	1
831	1	1
832	1	1
833	2	2
834	2	2
835	1	6
836	1	1
837	2	2
838	2	2
839	2	2
840	2	2
841	2	6
842	2	6
843	2	2
844	2	2
845	2	2
846	2	2
847	2	2
848	2	2
849	2	2
850	2	2
851	2	2
852	2	2
853	2	2
854	2	2
855	2	2
856	2	2
857	2	2
858	6	6
859	6	6
860	2	2
861	2	2
862	2	2
863	2	2
864	6	6
