   1   0   0
   2   0   0
   3   0   0
   4   0   0
   5   0   0
   6   0   0
   7   0   0
   8   0   0
   9   0   0
  10   0   0
  11   0   0
  12   0   0
  13   0   0
  14   0   0
  15   0   0
  16   0   0
  17   0   0
  18   0   0
  19   0   0
  20   0   0
  21   0   0
  22   0   0
  23   0   0
  24   0   0
  25   0   0
  26   0   0
  27   0   0
  28   0   0
  29   0   0
  30   0   0
  31   0   0
  32   0   0
  33   0   0
  34   0   0
  35   0   0
  36   0   0
  37   0   0
  38   1   1
  39   1   1
  40   1   1
  41   1   1
  42   1   1
  43   2   2
  44   2   2
  45   0   0
  46   1   1
  47   0   0
  48   1   1
  49   1   1
  50   1   1
  51   2   2
  52   2   2
  53   2   2
  54   0   0
  55   0   0
  56   0   0
  57   0   0
  58   1   1
  59   1   1
  60   1   1
  61   2   2
  62   2   2
  63   2   2
  64   2   2
  65   2   2
  66   2   2
  67   2   2
  68   2   2
  69   2   2
  70   2   2
  71   2   2
  72   2   2
  73   2   2
  74   2   2
  75   2   2
  76   2   2
  77   2   2
  78   2   2
  79   2   2
  80   2   2
  81   2   2
  82   2   2
  83   3   3
  84   3   3
  85   3   3
  86   3   3
  87   3   3
  88   3   3
  89   4   4
  90   4   4
  91   4   4
  92   3   3
  93   3   3
  94   3   3
  95   3   3
  96   3   3
  97   4   4
  98   3   3
  99   4   4
 100   4   4
 101   4   4
 102   4   4
 103   4   4
 104   4   4
 105   4   4
 106   4   4
 107   4   4
 108   4   4
 109   3   3
 110   3   3
 111   4   4
 112   4   4
 113   3   3
 114   4   4
 115   3   3
 116   4   4
 117   4   4
 118   4   4
 119   4   4
 120   4   4
 121   4   4
 122   4   4
 123   4   4
 124   2   2
 125   2   2
 126   2   2
 127   3   3
 128   3   3
 129   3   3
 130   3   3
 131   4   4
 132   3   3
 133   4   4
 134   4   4
 135   4   4
 136   4   4
 137   4   4
 138   4   4
 139   4   4
 140   4   4
 141   4   4
 142   4   4
 143   4   4
 144   4   4
 145   4   4
 146   4   4
 147   4   4
 148   4   4
 149   4   4
 150   4   4
 151   4   4
 152   4   4
 153   4   4
 154   4   4
 155   4   4
 156   4   4
 157   4   4
 158   4   4
 159   4   4
 160   4   4
 161   4   4
 162   4   4
 163   4   4
 164   4   4
 165   4   4
 166   4   4
 167   4   4
 168   4   4
 169   4   4
 170   4   4
 171   4   4
 172   3   3
 173   3   3
 174   6   6
 175   2   2
 176   2   2
 177   2   2
 178   2   2
 179   2   2
 180   2   2
 181   2   2
 182   2   2
 183   2   2
 184   2   2
 185   2   2
 186   2   2
 187   2   2
 188   2   2
 189   2   2
 190   2   2
 191   2   2
 192   2   2
 193   2   2
 194   2   2
 195   2   2
 196   2   2
 197   2   2
 198   2   2
 199   5   5
 200   5   5
 201   5   5
 202   5   5
 203   5   5
 204   5   5
 205   6   6
 206   5   5
 207   5   5
 208   5   5
 209   5   5
 210   5   5
 211   5   5
 212   5   5
 213   5   5
 214   2   2
 215   2   2
 216   2   2
 217   2   2
 218   2   2
 219   2   2
 220   2   2
 221   2   2
 222   2   2
 223   2   2
 224   2   2
 225   2   2
 226   2   2
 227   2   2
 228   2   2
 229   2   2
 230   2   2
 231   2   2
 232   2   2
 233   2   2
 234   2   2
 235   6   6
 236   2   2
 237   2   2
 238   2   2
 239   2   2
 240   2   2
 241   2   2
 242   2   2
 243   2   2
 244   2   2
 245   2   2
 246   2   2
 247   2   2
 248   2   2
 249   6   6
 250   2   2
 251   2   2
 252   2   2
 253   2   2
 254   2   2
 255   2   2
 256   2   2
 257   2   2
 258   2   2
 259   2   2
 260   2   2
 261   2   2
 262   2   2
 263   2   2
 264   2   2
 265   2   2
 266   2   2
 267   2   2
 268   2   2
 269   2   2
 270   2   2
 271   2   2
 272   2   2
 273   2   2
 274   2   2
 275   2   2
 276   2   2
 277   2   2
 278   2   2
 279   2   2
 280   2   2
 281   2   2
 282   2   2
 283   2   2
 284   2   2
 285   2   2
 286   2   2
 287   2   2
 288   2   2
 289   2   2
 290   3   3
 291   6   6
 292   1   1
 293   2   2
 294   2   2
 295   2   2
 296   2   2
 297   2   2
 298   2   2
 299   2   2
 300   2   2
 301   3   3
 302   2   2
 303   2   2
 304   3   3
 305   2   2
 306   2   2
 307   2   2
 308   2   2
 309   2   2
 310   6   6
 311   2   2
 312   2   2
 313   2   2
 314   2   2
 315   2   2
 316   2   2
 317   2   2
 318   2   2
 319   2   2
 320   2   2
 321   2   2
 322   2   2
 323   2   2
 324   2   2
 325   2   2
 326   4   4
 327   3   3
 328   2   2
 329   3   3
 330   2   2
 331   3   3
 332   2   2
 333   2   2
 334   2   2
 335   2   2
 336   2   2
 337   2   2
 338   2   2
 339   5   5
 340   2   2
 341   5   5
 342   5   5
 343   5   5
 344   5   5
 345   5   5
 346   5   5
 347   5   5
 348   5   5
 349   5   5
 350   5   5
 351   5   5
 352   6   6
 353   5   5
 354   5   5
 355   5   5
 356   5   5
 357   5   5
 358   5   5
 359   5   5
 360   5   5
 361   5   5
 362   5   5
 363   5   5
 364   5   5
 365   6   6
 366   5   5
 367   5   5
 368   5   5
 369   5   5
 370   5   5
 371   5   5
 372   5   5
 373   5   5
 374   5   5
 375   5   5
 376   5   5
 377   5   5
 378   5   5
 379   5   5
 380   5   5
 381   5   5
 382   5   5
 383   5   5
 384   5   5
 385   5   5
 386   5   5
 387   5   5
 388   5   5
 389   5   5
 390   5   5
 391   5   5
 392   5   5
 393   5   5
 394   0   0
 395   1   1
 396   2   2
 397   2   2
 398   1   1
 399   1   1
 400   1   1
 401   1   1
 402   2   2
 403   2   2
 404   2   2
 405   2   2
 406   2   2
 407   2   2
 408   2   2
 409   2   2
 410   2   2
 411   2   2
 412   2   2
 413   2   2
 414   2   2
 415   2   2
 416   2   2
 417   2   2
 418   2   2
 419   2   2
 420   2   2
 421   2   2
 422   2   2
 423   2   2
 424   2   2
 425   2   2
 426   2   2
 427   2   2
 428   6   6
 429   2   2
 430   2   2
 431   2   2
 432   2   2
 433   2   2
 434   2   2
 435   2   2
 436   2   2
 437   2   2
 438   2   2
 439   2   2
 440   2   2
 441   2   2
 442   2   2
 443   2   2
 444   2   2
 445   2   2
 446   2   2
 447   2   2
 448   2   2
 449   2   2
 450   2   2
 451   2   2
 452   2   2
 453   2   2
 454   2   2
 455   2   2
 456   2   2
 457   2   2
 458   2   2
 459   2   2
 460   2   2
 461   2   2
 462   2   2
 463   3   3
 464   2   2
 465   2   2
 466   3   3
 467   2   2
 468   2   2
 469   2   2
 470   3   3
 471   2   2
 472   2   2
 473   3   3
 474   3   3
 475   4   4
 476   3   3
 477   3   3
 478   3   3
 479   4   4
 480   4   4
 481   4   4
 482   4   4
 483   4   4
 484   4   4
 485   4   4
 486   3   3
 487   3   3
 488   3   3
 489   3   3
 490   4   4
 491   4   4
 492   4   4
 493   3   3
 494   4   4
 495   4   4
 496   4   4
 497   4   4
 498   4   4
 499   4   4
 500   4   4
 501   4   4
 502   3   3
 503   3   3
 504   4   4
 505   4   4
 506   4   4
 507   4   4
 508   4   4
 509   4   4
 510   4   4
 511   4   4
 512   4   4
 513   4   4
 514   4   4
 515   4   4
 516   4   4
 517   4   4
 518   4   4
 519   4   4
 520   4   4
 521   4   4
 522   3   3
 523   4   4
 524   4   4
 525   3   3
 526   4   4
 527   4   4
 528   4   4
 529   4   4
 530   4   4
 531   3   3
 532   3   3
 533   4   4
 534   4   4
 535   4   4
 536   4   4
 537   3   3
 538   3   3
 539   4   4
 540   4   4
 541   4   4
 542   6   6
 543   2   2
 544   2   2
 545   2   2
 546   2   2
 547   2   2
 548   2   2
 549   2   2
 550   2   2
 551   3   3
 552   3   3
 553   2   2
 554   2   2
 555   5   5
 556   5   5
 557   5   5
 558   5   5
 559   5   5
 560   5   5
 561   2   2
 562   5   5
 563   5   5
 564   5   5
 565   5   5
 566   5   5
 567   5   5
 568   5   5
 569   5   5
 570   5   5
 571   5   5
 572   5   5
 573   5   5
 574   5   5
 575   5   5
 576   5   5
 577   5   5
 578   2   2
 579   5   5
 580   5   5
 581   5   5
 582   5   5
 583   5   5
 584   5   5
 585   6   6
 586   1   1
 587   1   1
 588   2   2
 589   1   1
 590   1   1
 591   2   2
 592   5   5
 593   5   5
 594   5   5
 595   5   5
 596   5   5
 597   5   5
 598   5   5
 599   5   5
 600   5   5
 601   5   5
 602   2   2
 603   5   5
 604   5   5
 605   5   5
 606   5   5
 607   5   5
 608   5   5
 609   5   5
 610   5   5
 611   5   5
 612   5   5
 613   5   5
 614   2   2
 615   2   2
 616   0   0
 617   1   1
 618   2   2
 619   2   2
 620   2   2
 621   2   2
 622   2   2
 623   2   2
 624   2   2
 625   2   2
 626   2   2
 627   2   2
 628   2   2
 629   2   2
 630   2   2
 631   2   2
 632   2   2
 633   2   2
 634   2   2
 635   2   2
 636   1   1
 637   2   2
 638   2   2
 639   2   2
 640   2   2
 641   2   2
 642   2   2
 643   2   2
 644   2   2
 645   2   2
 646   2   2
 647   2   2
 648   2   2
 649   2   2
 650   2   2
 651   2   2
 652   2   2
 653   2   2
 654   2   2
 655   2   2
 656   2   2
 657   2   2
 658   2   2
 659   2   2
 660   2   2
 661   2   2
 662   2   2
 663   2   2
 664   2   2
 665   2   2
 666   6   6
 667   2   2
 668   2   2
 669   2   2
 670   2   2
 671   2   2
 672   2   2
 673   2   2
 674   2   2
 675   2   2
 676   2   2
 677   2   2
 678   2   2
 679   2   2
 680   2   2
 681   2   2
 682   0   0
 683   0   0
 684   0   0
 685   2   2
 686   2   2
 687   2   2
 688   2   2
 689   2   2
 690   2   2
 691   2   2
 692   2   2
 693   2   2
 694   2   2
 695   2   2
 696   2   2
 697   2   2
 698   2   2
 699   2   2
 700   2   2
 701   3   3
 702   2   2
 703   2   2
 704   2   2
 705   2   2
 706   2   2
 707   2   2
 708   2   2
 709   2   2
 710   2   2
 711   2   2
 712   2   2
 713   3   3
 714   2   2
 715   2   2
 716   2   2
 717   2   2
 718   2   2
 719   5   5
 720   5   5
 721   5   5
 722   5   5
 723   5   5
 724   5   5
 725   5   5
 726   5   5
 727   5   5
 728   5   5
 729   5   5
 730   5   5
 731   5   5
 732   5   5
 733   5   5
 734   5   5
 735   5   5
 736   5   5
 737   5   5
 738   5   5
 739   5   5
 740   5   5
 741   5   5
 742   5   5
 743   5   5
 744   5   5
 745   5   5
 746   5   5
 747   5   5
 748   5   5
 749   5   5
 750   5   5
 751   5   5
 752   5   5
 753   5   5
 754   5   5
 755   5   5
 756   5   5
 757   5   5
 758   5   5
 759   5   5
 760   5   5
 761   5   5
 762   5   5
 763   5   5
 764   5   5
 765   5   5
 766   5   5
 767   5   5
 768   5   5
 769   5   5
 770   5   5
 771   0   0
 772   1   1
 773   1   1
 774   1   1
 775   1   1
 776   1   1
 777   1   1
 778   1   1
 779   1   1
 780   1   1
 781   1   1
 782   2   2
 783   2   2
 784   2   2
 785   2   2
 786   2   2
 787   6   6
 788   0   0
 789   1   1
 790   2   2
 791   2   2
 792   2   2
 793   0   0
 794   0   0
 795   0   0
 796   0   0
 797   0   0
 798   0   0
 799   0   0
 800   0   0
 801   0   0
 802   0   0
 803   0   0
 804   0   0
 805   0   0
 806   0   0
 807   0   0
 808   1   1
 809   1   1
 810   2   2
 811   2   2
 812   2   2
 813   2   2
 814   0   0
 815   2   2
 816   0   0
 817   0   0
 818   0   0
 819   0   0
 820   1   1
 821   1   1
 822   2   2
 823   2   2
 824   2   2
 825   2   2
 826   2   2
 827   2   2
 828   2   2
 829   2   2
 830   2   2
 831   0   0
 832   0   0
 833   0   0
 834   0   0
 835   0   0
 836   0   0
