1	0	3
2	0	4
3	0	6
4	0	6
5	0	6
6	0	6
7	0	6
8	0	6
9	0	6
10	0	6
11	0	6
12	0	6
13	0	6
14	0	6
15	0	6
16	0	6
17	0	6
18	0	6
19	0	6
20	0	6
21	0	6
22	0	6
23	0	6
24	0	0
25	0	0
26	1	1
27	2	6
28	2	6
29	2	6
30	2	6
31	2	6
32	6	6
33	0	6
34	0	6
35	0	6
36	0	6
37	6	6
38	6	6
39	6	6
40	0	6
41	0	6
42	0	6
43	0	6
44	0	0
45	0	0
46	0	6
47	0	6
48	0	6
49	0	6
50	0	6
51	0	0
52	1	1
53	2	2
54	2	2
55	2	2
56	2	2
57	2	2
58	2	2
59	2	2
60	2	2
61	2	2
62	2	2
63	2	2
64	3	3
65	2	2
66	2	2
67	2	2
68	3	3
69	3	6
70	2	2
71	3	3
72	3	3
73	4	4
74	4	4
75	4	4
76	4	4
77	4	4
78	4	4
79	4	4
80	4	6
81	4	4
82	4	4
83	4	4
84	4	4
85	4	4
86	4	4
87	4	4
88	4	4
89	4	4
90	4	4
91	4	4
92	4	4
93	4	4
94	4	6
95	4	6
96	2	6
97	1	6
98	2	2
99	0	6
100	2	2
101	2	2
102	2	2
103	3	3
104	4	4
105	4	4
106	4	4
107	4	4
108	4	4
109	4	6
110	3	6
111	2	6
112	2	2
113	2	2
114	3	3
115	3	3
116	4	4
117	4	4
118	4	4
119	4	4
120	4	4
121	4	4
122	4	4
123	4	4
124	4	4
125	4	4
126	4	4
127	4	4
128	4	4
129	4	4
130	4	4
131	4	4
132	4	4
133	4	6
134	4	6
135	3	3
136	4	4
137	4	4
138	4	4
139	4	6
140	6	6
141	0	6
142	6	6
143	6	6
144	6	6
145	6	6
146	0	6
147	6	6
148	6	6
149	6	6
150	6	6
151	0	6
152	6	6
153	6	6
154	0	0
155	0	6
156	0	6
157	0	6
158	0	6
159	6	6
160	6	6
161	6	6
162	6	6
163	6	6
164	6	6
165	0	6
166	0	6
167	0	6
168	0	6
169	0	6
170	0	6
171	0	6
172	0	6
173	6	6
174	6	6
175	6	6
176	6	6
177	6	6
178	6	6
179	6	6
180	0	0
181	0	0
182	0	0
183	0	0
184	0	0
185	6	6
186	6	6
187	6	6
188	0	0
189	1	1
190	1	1
191	2	2
192	2	2
193	2	2
194	2	2
195	2	2
196	2	2
197	2	2
198	2	2
199	2	2
200	2	2
201	2	2
202	6	6
203	6	6
204	0	6
205	0	6
206	0	6
207	0	0
208	0	0
209	0	0
210	6	6
211	6	6
212	0	6
213	6	6
214	0	0
215	0	6
216	1	1
217	2	2
218	0	6
219	6	6
220	0	6
221	0	0
222	0	0
223	0	0
224	0	6
225	0	6
226	1	1
227	2	2
228	2	2
229	2	2
230	2	2
231	2	2
232	2	2
233	2	2
234	2	2
235	2	2
236	2	2
237	2	2
238	2	2
239	2	2
240	2	2
241	2	2
242	2	2
243	2	2
244	2	2
245	2	2
246	2	2
247	2	2
248	2	2
249	2	2
250	2	2
251	2	2
252	2	2
253	2	2
254	2	2
255	3	3
256	3	6
257	6	6
258	0	6
259	6	6
260	2	6
261	2	2
262	2	2
263	2	2
264	2	2
265	2	2
266	2	2
267	2	2
268	2	2
269	2	2
270	2	2
271	2	2
272	2	2
273	3	3
274	3	3
275	3	3
276	2	2
277	2	2
278	3	3
279	4	4
280	4	4
281	4	4
282	4	4
283	4	4
284	4	4
285	4	4
286	4	4
287	4	4
288	4	4
289	4	4
290	4	4
291	4	4
292	4	4
293	4	4
294	4	4
295	4	4
296	4	4
297	4	4
298	4	4
299	4	4
300	4	4
301	4	4
302	4	4
303	4	4
304	4	4
305	4	4
306	4	4
307	4	4
308	4	4
309	4	4
310	4	4
311	4	4
312	4	4
313	4	4
314	4	4
315	6	6
316	6	6
317	0	6
318	2	2
319	2	2
320	2	2
321	2	6
322	2	6
323	6	6
324	0	6
325	6	6
326	0	6
327	0	0
328	2	2
329	2	2
330	1	6
331	2	2
332	2	2
333	2	2
334	2	2
335	2	6
336	2	2
337	2	6
338	2	2
339	2	2
340	2	2
341	2	2
342	2	2
343	2	2
344	2	2
345	2	2
346	2	2
347	2	2
348	2	2
349	2	6
350	5	5
351	5	5
352	2	2
353	2	2
354	5	5
355	5	5
356	5	5
357	5	5
358	5	5
359	5	5
360	5	5
361	5	5
362	2	6
363	5	5
364	5	5
365	5	5
366	2	2
367	2	2
368	2	2
369	2	2
370	2	2
371	2	2
372	2	2
373	2	2
374	2	2
375	2	2
376	2	6
377	6	6
378	6	6
379	0	6
380	1	1
381	0	6
382	0	6
383	0	0
384	0	6
385	0	6
386	0	6
387	0	6
388	0	6
389	0	6
390	6	6
391	6	6
392	0	6
393	0	6
394	0	6
395	0	6
396	0	6
397	0	6
398	0	6
399	0	6
400	0	6
401	0	6
402	6	6
403	6	6
404	0	0
405	0	0
406	0	0
407	6	6
408	0	6
409	6	6
410	0	0
411	0	6
412	0	6
413	0	0
414	0	6
415	0	0
416	0	6
417	0	6
418	0	6
419	0	0
420	0	6
421	0	6
422	6	6
423	6	6
424	0	6
425	0	6
426	0	6
427	1	1
428	1	1
429	1	1
430	0	6
431	0	6
432	6	6
433	0	0
434	0	6
435	6	6
436	6	6
437	6	6
438	0	6
439	6	6
440	0	6
441	6	6
442	0	6
443	0	6
444	0	6
445	0	6
446	0	6
447	0	6
448	0	6
449	0	0
450	0	0
451	0	6
452	0	6
453	0	6
454	0	6
455	0	6
456	0	0
457	0	0
458	1	1
459	0	6
460	6	6
461	6	6
462	6	6
463	6	6
464	6	6
465	0	6
466	0	6
467	0	6
468	0	0
469	0	6
470	6	6
471	0	6
472	0	0
473	0	6
474	1	1
475	0	6
476	1	6
477	0	6
478	0	6
479	6	6
480	0	6
481	1	6
482	1	6
483	6	6
484	6	6
485	6	6
486	6	6
487	0	6
488	0	6
489	0	6
490	0	0
491	1	1
492	0	6
493	0	6
494	6	6
495	0	6
496	0	6
497	0	0
498	0	6
499	1	6
500	0	0
501	0	6
502	0	0
503	1	1
504	0	0
505	0	6
506	0	0
507	0	6
508	2	2
509	2	6
510	2	2
511	2	2
512	2	2
513	2	2
514	2	2
515	2	2
516	2	2
517	2	2
518	2	2
519	2	2
520	2	6
521	2	2
522	2	2
523	2	2
524	2	2
525	2	2
526	2	2
527	2	2
528	2	2
529	2	2
530	2	2
531	2	2
532	2	2
533	2	2
534	2	2
535	2	2
536	2	2
537	3	6
538	6	6
539	2	2
540	2	2
541	2	2
542	2	2
543	2	2
544	2	2
545	2	2
546	2	2
547	2	2
548	2	2
549	2	2
550	2	2
551	2	2
552	3	3
553	2	2
554	2	2
555	3	3
556	3	3
557	3	3
558	3	3
559	3	3
560	4	4
561	2	2
562	3	3
563	4	4
564	3	3
565	4	4
566	4	4
567	4	6
568	6	6
569	2	6
570	6	6
571	6	6
572	0	6
573	0	0
574	2	2
575	2	2
576	2	2
577	2	2
578	2	2
579	2	2
580	2	2
581	2	2
582	2	6
583	2	2
584	2	2
585	2	2
586	2	6
587	2	6
588	6	6
589	6	6
590	0	6
591	1	1
592	2	2
593	2	2
594	2	2
595	2	2
596	2	2
597	2	2
598	2	2
599	5	5
600	5	5
601	5	5
602	5	5
603	5	5
604	5	5
605	5	6
606	5	5
607	5	6
608	5	5
609	5	5
610	5	5
611	5	5
612	5	6
613	5	6
614	5	6
615	5	6
616	5	6
617	5	6
618	5	5
619	5	5
620	5	5
621	5	5
622	5	5
623	5	6
624	5	5
625	5	5
626	5	5
627	5	6
628	5	5
629	5	6
630	5	5
631	5	5
632	5	5
633	5	5
634	5	6
635	5	6
636	5	6
637	5	5
638	5	5
639	5	5
640	5	5
641	5	5
642	5	6
643	5	6
644	5	5
645	5	5
646	5	5
647	5	5
648	2	2
649	2	2
650	2	2
651	2	2
652	2	2
653	2	2
654	2	2
655	2	2
656	2	2
657	2	2
658	2	2
659	2	2
660	2	2
661	2	2
662	2	6
663	2	2
664	2	2
665	2	2
666	6	6
667	1	6
668	1	1
669	2	2
670	2	2
671	2	2
672	2	2
673	2	2
674	2	2
675	2	2
676	2	2
677	2	2
678	2	2
679	2	2
680	2	2
681	2	2
682	2	2
683	2	2
684	2	2
685	2	2
686	2	2
687	2	2
688	3	3
689	2	2
690	2	2
691	2	2
692	3	3
693	2	2
694	2	2
695	2	2
696	2	2
697	3	3
698	2	2
699	2	2
700	2	2
701	2	2
702	3	3
703	2	2
704	2	2
705	3	6
706	2	2
707	2	2
708	2	2
709	3	3
710	3	3
711	3	3
712	4	4
713	4	4
714	4	4
715	4	4
716	4	4
717	2	2
718	3	3
719	2	2
720	3	3
721	4	4
722	4	4
723	4	4
724	4	4
725	4	4
726	4	4
727	3	3
728	2	2
729	2	2
730	2	2
731	2	2
732	2	2
733	3	3
734	4	4
735	4	4
736	4	4
737	4	4
738	4	4
739	4	4
740	4	4
741	4	4
742	4	4
743	6	6
744	6	6
745	2	2
746	2	2
747	2	6
748	2	2
749	2	2
750	2	2
751	6	6
752	6	6
753	1	6
754	1	1
755	2	2
756	2	2
757	2	2
758	2	2
759	2	2
760	2	2
761	2	2
762	2	2
763	2	2
764	2	6
765	2	2
766	2	6
767	6	6
768	6	6
769	1	6
770	2	2
771	2	2
772	2	6
773	0	6
774	1	1
775	2	2
776	2	2
777	2	2
778	5	5
779	5	5
780	5	5
781	5	5
782	5	6
783	5	6
784	5	5
785	5	5
786	5	5
787	5	5
788	5	5
789	5	6
790	5	5
791	5	6
792	5	6
793	5	6
794	5	6
795	5	5
796	5	6
797	5	5
798	5	5
799	5	5
800	5	6
801	5	5
802	5	5
803	5	5
804	5	5
805	5	5
806	5	5
807	5	5
808	5	5
809	5	5
810	5	5
811	5	5
812	5	5
813	5	6
814	5	5
815	5	6
816	5	5
817	5	6
818	5	6
819	5	6
820	5	6
821	5	5
822	5	5
823	5	5
824	5	5
825	5	5
826	5	5
827	5	5
828	5	5
829	5	5
830	5	6
831	5	5
832	5	6
833	5	5
834	5	5
835	5	5
836	2	2
837	2	2
838	2	2
839	2	2
840	2	2
841	6	6
842	1	6
843	1	1
844	2	2
845	2	6
846	2	2
847	2	2
848	2	2
849	2	6
850	2	6
851	2	2
852	2	2
853	2	2
854	6	6
855	1	1
856	2	2
857	2	2
858	2	2
859	0	0
860	1	6
861	6	6
862	6	6
863	6	6
864	6	6
865	0	6
866	0	6
867	0	6
868	0	6
869	1	6
870	6	6
871	6	6
872	0	6
873	0	6
874	0	6
875	6	6
876	6	6
877	0	6
878	1	1
879	0	0
880	6	6
881	6	6
882	0	0
883	0	0
884	1	1
885	0	6
886	0	6
887	0	6
888	0	0
889	0	0
890	1	6
891	6	6
892	6	6
893	6	6
894	0	6
895	0	6
896	0	0
897	0	6
898	0	6
899	0	6
900	0	6
901	6	6
902	0	6
903	0	6
904	0	6
905	0	6
906	7	7
