   1   7   7
   2   7   7
   3   7   7
   4   7   7
   5   7   7
   6   7   7
   7   0   0
   8   0   0
   9   0   0
  10   0   0
  11   1   1
  12   2   2
  13   2   2
  14   2   2
  15   2   2
  16   2   2
  17   2   2
  18   2   2
  19   2   2
  20   3   3
  21   1   1
  22   1   1
  23   2   2
  24   2   2
  25   2   2
  26   2   2
  27   2   2
  28   3   3
  29   2   2
  30   2   2
  31   3   3
  32   3   3
  33   3   3
  34   4   4
  35   4   4
  36   3   3
  37   4   4
  38   4   4
  39   4   4
  40   4   4
  41   4   4
  42   4   4
  43   4   4
  44   4   4
  45   4   4
  46   4   4
  47   4   4
  48   4   4
  49   4   4
  50   4   4
  51   4   4
  52   4   4
  53   4   4
  54   4   4
  55   4   4
  56   4   4
  57   4   4
  58   4   4
  59   4   4
  60   4   4
  61   4   4
  62   4   4
  63   4   4
  64   4   4
  65   4   4
  66   4   4
  67   4   4
  68   4   4
  69   4   4
  70   4   4
  71   4   4
  72   4   4
  73   4   4
  74   4   4
  75   4   4
  76   4   4
  77   4   4
  78   4   4
  79   4   4
  80   4   4
  81   4   4
  82   4   4
  83   4   4
  84   4   4
  85   4   4
  86   4   4
  87   4   4
  88   4   4
  89   4   4
  90   4   4
  91   4   4
  92   4   4
  93   4   4
  94   4   4
  95   4   4
  96   4   4
  97   4   4
  98   4   4
  99   4   4
 100   4   4
 101   4   4
 102   4   4
 103   4   4
 104   4   4
 105   4   4
 106   4   4
 107   2   2
 108   2   2
 109   2   2
 110   2   2
 111   6   6
 112   1   1
 113   2   2
 114   2   2
 115   2   2
 116   2   2
 117   2   2
 118   2   2
 119   2   2
 120   2   2
 121   2   2
 122   3   3
 123   4   4
 124   3   3
 125   3   3
 126   3   3
 127   3   3
 128   2   2
 129   2   2
 130   2   2
 131   2   2
 132   2   2
 133   2   2
 134   2   2
 135   2   2
 136   5   5
 137   2   2
 138   2   2
 139   2   2
 140   2   2
 141   2   2
 142   2   2
 143   2   2
 144   2   2
 145   2   2
 146   2   2
 147   2   2
 148   5   5
 149   5   5
 150   5   5
 151   5   5
 152   5   5
 153   5   5
 154   2   2
 155   2   2
 156   2   2
 157   2   2
 158   2   2
 159   2   2
 160   2   2
 161   3   3
 162   2   2
 163   2   2
 164   2   2
 165   2   2
 166   2   2
 167   3   3
 168   2   2
 169   2   2
 170   2   2
 171   2   2
 172   2   2
 173   2   2
 174   2   2
 175   2   2
 176   6   6
 177   2   2
 178   2   2
 179   2   2
 180   2   2
 181   2   2
 182   2   2
 183   2   2
 184   2   2
 185   2   2
 186   2   2
 187   3   3
 188   3   3
 189   3   3
 190   3   3
 191   4   4
 192   4   4
 193   4   4
 194   4   4
 195   4   4
 196   4   4
 197   4   4
 198   6   6
 199   2   2
 200   3   3
 201   3   3
 202   3   3
 203   3   3
 204   4   4
 205   4   4
 206   3   3
 207   4   4
 208   3   3
 209   4   4
 210   4   4
 211   4   4
 212   3   3
 213   4   4
 214   3   3
 215   3   3
 216   4   4
 217   3   3
 218   3   3
 219   3   3
 220   4   4
 221   4   4
 222   4   4
 223   4   4
 224   4   4
 225   4   4
 226   4   4
 227   4   4
 228   4   4
 229   4   4
 230   4   4
 231   4   4
 232   4   4
 233   4   4
 234   4   4
 235   4   4
 236   4   4
 237   4   4
 238   4   4
 239   4   4
 240   4   4
 241   4   4
 242   4   4
 243   4   4
 244   4   4
 245   4   4
 246   4   4
 247   4   4
 248   4   4
 249   4   4
 250   4   4
 251   4   4
 252   4   4
 253   4   4
 254   4   4
 255   4   4
 256   4   4
 257   4   4
 258   4   4
 259   4   4
 260   4   4
 261   4   4
 262   4   4
 263   4   4
 264   4   4
 265   4   4
 266   4   4
 267   4   4
 268   4   4
 269   4   4
 270   4   4
 271   4   4
 272   4   4
 273   4   4
 274   4   4
 275   4   4
 276   4   4
 277   4   4
 278   4   4
 279   4   4
 280   4   4
 281   6   6
 282   6   6
 283   6   6
 284   1   1
 285   1   1
 286   2   2
 287   2   2
 288   2   2
 289   2   2
 290   2   2
 291   2   2
 292   2   2
 293   2   2
 294   2   2
 295   2   2
 296   2   2
 297   2   2
 298   2   2
 299   2   2
 300   2   2
 301   2   2
 302   2   2
 303   2   2
 304   2   2
 305   2   2
 306   2   2
 307   2   2
 308   2   2
 309   2   2
 310   2   2
 311   2   2
 312   2   2
 313   2   2
 314   2   2
 315   2   2
 316   2   2
 317   2   2
 318   2   2
 319   2   2
 320   2   2
 321   2   2
 322   6   6
 323   6   6
 324   2   2
 325   2   2
 326   2   2
 327   2   2
 328   2   2
 329   2   2
 330   2   2
 331   2   2
 332   2   2
 333   6   6
 334   6   6
 335   1   1
 336   2   2
 337   2   2
 338   2   2
 339   2   2
 340   2   2
 341   2   2
 342   2   2
 343   2   2
 344   2   2
 345   2   2
 346   2   2
 347   2   2
 348   2   2
 349   2   2
 350   2   2
 351   2   2
 352   2   2
 353   2   2
 354   2   2
 355   2   2
 356   3   3
 357   3   3
 358   2   2
 359   2   2
 360   3   3
 361   2   2
 362   3   3
 363   5   5
 364   5   5
 365   5   5
 366   5   5
 367   5   5
 368   5   5
 369   5   5
 370   5   5
 371   5   5
 372   5   5
 373   5   5
 374   5   5
 375   5   5
 376   5   5
 377   5   5
 378   5   5
 379   5   5
 380   5   5
 381   5   5
 382   5   5
 383   5   5
 384   5   5
 385   5   5
 386   5   5
 387   5   5
 388   5   5
 389   5   5
 390   5   5
 391   5   5
 392   5   5
 393   5   5
 394   5   5
 395   5   5
 396   5   5
 397   5   5
 398   5   5
 399   5   5
 400   5   5
 401   5   5
 402   5   5
 403   5   5
 404   5   5
 405   5   5
 406   5   5
 407   5   5
 408   5   5
 409   6   6
 410   1   1
 411   1   1
 412   2   2
 413   2   2
 414   2   2
 415   2   2
 416   2   2
 417   2   2
 418   2   2
 419   2   2
 420   2   2
 421   2   2
 422   2   2
 423   2   2
 424   2   2
 425   2   2
 426   2   2
 427   2   2
 428   2   2
 429   2   2
 430   6   6
 431   2   2
 432   2   2
 433   2   2
 434   2   2
 435   2   2
 436   2   2
 437   2   2
 438   2   2
 439   6   6
 440   2   2
 441   2   2
 442   2   2
 443   2   2
 444   2   2
 445   2   2
 446   2   2
 447   2   2
 448   2   2
 449   2   2
 450   2   2
 451   2   2
 452   2   2
 453   2   2
 454   2   2
 455   2   2
 456   2   2
 457   2   2
 458   2   2
 459   2   2
 460   2   2
 461   2   2
 462   2   2
 463   2   2
 464   2   2
 465   2   2
 466   2   2
 467   2   2
 468   2   2
 469   2   2
 470   2   2
 471   2   2
 472   2   2
 473   2   2
 474   2   2
 475   2   2
 476   2   2
 477   2   2
 478   2   2
 479   2   2
 480   2   2
 481   2   2
 482   2   2
 483   2   2
 484   2   2
 485   3   3
 486   2   2
 487   2   2
 488   2   2
 489   2   2
 490   2   2
 491   2   2
 492   2   2
 493   2   2
 494   2   2
 495   6   6
 496   6   6
 497   2   2
 498   2   2
 499   2   2
 500   2   2
 501   2   2
 502   2   2
 503   2   2
 504   2   2
 505   2   2
 506   2   2
 507   2   2
 508   2   2
 509   2   2
 510   2   2
 511   2   2
 512   2   2
 513   2   2
 514   6   6
 515   2   2
 516   2   2
 517   2   2
 518   2   2
 519   2   2
 520   2   2
 521   2   2
 522   2   2
 523   2   2
 524   2   2
 525   2   2
 526   2   2
 527   2   2
 528   2   2
 529   2   2
 530   2   2
 531   2   2
 532   2   2
 533   2   2
 534   2   2
 535   3   3
 536   2   2
 537   2   2
 538   6   6
 539   2   2
 540   2   2
 541   2   2
 542   6   6
 543   2   2
 544   2   2
 545   6   6
 546   6   6
 547   2   2
 548   3   3
 549   2   2
 550   2   2
 551   2   2
 552   3   3
 553   5   5
 554   5   5
 555   5   5
 556   5   5
 557   5   5
 558   5   5
 559   5   5
 560   5   5
 561   5   5
 562   5   5
 563   5   5
 564   5   5
 565   5   5
 566   5   5
 567   5   5
 568   5   5
 569   5   5
 570   5   5
 571   5   5
 572   5   5
 573   5   5
 574   5   5
 575   6   6
 576   5   5
 577   2   2
 578   2   2
 579   2   2
 580   5   5
 581   5   5
 582   5   5
 583   5   5
 584   5   5
 585   5   5
 586   5   5
 587   5   5
 588   5   5
 589   5   5
 590   5   5
 591   5   5
 592   5   5
 593   5   5
 594   5   5
 595   5   5
 596   5   5
 597   2   2
 598   2   2
 599   5   5
 600   5   5
 601   5   5
 602   5   5
 603   0   0
 604   1   1
 605   2   2
 606   2   2
 607   2   2
 608   2   2
 609   2   2
 610   2   2
 611   2   2
 612   3   3
 613   2   2
 614   5   5
 615   5   5
 616   5   5
 617   6   6
 618   1   1
 619   6   6
 620   1   1
 621   1   1
 622   1   1
 623   1   1
 624   1   1
 625   2   2
 626   5   5
 627   5   5
 628   5   5
 629   5   5
 630   5   5
 631   5   5
 632   5   5
 633   5   5
 634   5   5
 635   5   5
 636   5   5
 637   0   0
 638   1   1
 639   1   1
 640   2   2
 641   2   2
 642   2   2
 643   2   2
 644   2   2
 645   2   2
 646   2   2
 647   2   2
 648   2   2
 649   2   2
 650   2   2
 651   3   3
 652   2   2
 653   2   2
 654   2   2
 655   2   2
 656   2   2
 657   2   2
 658   2   2
 659   2   2
 660   2   2
 661   2   2
 662   2   2
 663   2   2
 664   2   2
 665   2   2
 666   6   6
 667   6   6
 668   1   1
 669   2   2
 670   2   2
 671   2   2
 672   2   2
 673   2   2
 674   2   2
 675   2   2
 676   2   2
 677   2   2
 678   6   6
 679   2   2
 680   2   2
 681   2   2
 682   2   2
 683   2   2
 684   2   2
 685   2   2
 686   2   2
 687   2   2
 688   2   2
 689   2   2
 690   2   2
 691   2   2
 692   2   2
 693   2   2
 694   2   2
 695   2   2
 696   2   2
 697   2   2
 698   2   2
 699   2   2
 700   2   2
 701   3   3
 702   6   6
 703   1   1
 704   2   2
 705   2   2
 706   2   2
 707   2   2
 708   2   2
 709   2   2
 710   6   6
 711   2   2
 712   2   2
 713   2   2
 714   2   2
 715   2   2
 716   2   2
 717   2   2
 718   2   2
 719   2   2
 720   2   2
 721   2   2
 722   2   2
 723   2   2
 724   2   2
 725   6   6
 726   2   2
 727   2   2
 728   2   2
 729   2   2
 730   2   2
 731   2   2
 732   2   2
 733   2   2
 734   2   2
 735   2   2
 736   2   2
 737   2   2
 738   2   2
 739   2   2
 740   3   3
 741   2   2
 742   2   2
 743   3   3
 744   2   2
 745   3   3
 746   2   2
 747   3   3
 748   6   6
 749   2   2
 750   3   3
 751   2   2
 752   2   2
 753   2   2
 754   2   2
 755   2   2
 756   2   2
 757   2   2
 758   2   2
 759   2   2
 760   2   2
 761   2   2
 762   2   2
 763   2   2
 764   2   2
 765   5   5
 766   5   5
 767   5   5
 768   5   5
 769   5   5
 770   5   5
 771   5   5
 772   5   5
 773   5   5
 774   5   5
 775   5   5
 776   5   5
 777   5   5
 778   5   5
 779   5   5
 780   5   5
 781   5   5
 782   5   5
 783   5   5
 784   6   6
 785   5   5
 786   5   5
 787   5   5
 788   5   5
 789   5   5
 790   5   5
 791   5   5
 792   5   5
 793   5   5
 794   5   5
 795   5   5
 796   5   5
 797   5   5
 798   5   5
 799   5   5
 800   5   5
 801   6   6
 802   5   5
 803   5   5
 804   5   5
 805   5   5
 806   5   5
 807   5   5
 808   5   5
 809   5   5
 810   5   5
 811   5   5
 812   5   5
 813   5   5
 814   5   5
 815   5   5
 816   5   5
 817   5   5
 818   5   5
 819   5   5
 820   5   5
 821   5   5
 822   5   5
 823   5   5
 824   5   5
 825   5   5
 826   5   5
 827   5   5
 828   5   5
 829   5   5
 830   5   5
 831   5   5
 832   5   5
 833   5   5
 834   5   5
 835   5   5
 836   5   5
 837   5   5
 838   5   5
 839   5   5
 840   5   5
 841   5   5
 842   5   5
 843   5   5
 844   2   2
 845   2   2
 846   2   2
 847   2   2
 848   2   2
 849   6   6
 850   5   5
 851   1   1
 852   1   1
 853   2   2
 854   2   2
 855   2   2
 856   2   2
 857   2   2
 858   2   2
 859   2   2
 860   2   2
 861   2   2
 862   2   2
 863   2   2
 864   1   1
 865   1   1
 866   2   2
 867   2   2
 868   2   2
 869   2   2
 870   2   2
 871   6   6
 872   1   1
 873   2   2
 874   2   2
 875   2   2
 876   2   2
 877   2   2
 878   2   2
 879   2   2
 880   2   2
 881   2   2
 882   2   2
 883   2   2
 884   2   2
 885   2   2
 886   2   2
 887   2   2
 888   2   2
 889   2   2
 890   2   2
 891   2   2
 892   2   2
 893   2   2
 894   2   2
 895   2   2
 896   2   2
 897   2   2
 898   3   3
 899   2   2
 900   2   2
 901   2   2
 902   2   2
 903   2   2
 904   2   2
 905   2   2
 906   2   2
 907   2   2
 908   2   2
 909   2   2
 910   2   2
 911   2   2
 912   2   2
 913   2   2
 914   2   2
 915   2   2
 916   2   2
 917   2   2
 918   2   2
 919   2   2
 920   2   2
 921   2   2
 922   2   2
 923   2   2
 924   2   2
 925   2   2
 926   2   2
 927   2   2
 928   2   2
 929   2   2
 930   2   2
 931   2   2
 932   2   2
 933   2   2
 934   2   2
 935   3   3
 936   2   2
 937   2   2
 938   3   3
 939   2   2
 940   2   2
 941   2   2
 942   3   3
 943   2   2
 944   2   2
 945   2   2
 946   2   2
 947   2   2
 948   2   2
 949   2   2
 950   2   2
 951   3   3
 952   3   3
 953   3   3
 954   3   3
 955   4   4
 956   3   3
 957   3   3
 958   3   3
 959   3   3
 960   3   3
 961   4   4
 962   4   4
 963   4   4
 964   4   4
 965   4   4
 966   4   4
 967   2   2
 968   3   3
 969   3   3
 970   4   4
 971   3   3
 972   4   4
 973   4   4
 974   4   4
 975   4   4
 976   4   4
 977   4   4
 978   4   4
 979   0   0
 980   7   7
 981   7   7
