1	0	6
2	0	6
3	0	6
4	0	6
5	6	6
6	0	6
7	0	6
8	0	6
9	0	6
10	0	6
11	0	0
12	0	6
13	0	6
14	0	0
15	0	6
16	1	0
17	1	0
18	0	0
19	0	6
20	0	0
21	0	6
22	0	6
23	0	6
24	0	6
25	0	6
26	0	6
27	1	2
28	1	2
29	2	2
30	2	2
31	2	2
32	2	2
33	2	2
34	0	6
35	2	2
36	2	6
37	2	2
38	2	2
39	2	2
40	2	2
41	2	2
42	2	6
43	1	6
44	2	2
45	2	2
46	2	2
47	2	2
48	2	2
49	2	2
50	3	3
51	2	2
52	3	3
53	2	2
54	2	2
55	3	3
56	3	3
57	3	3
58	3	3
59	4	4
60	4	4
61	4	4
62	4	4
63	4	4
64	4	4
65	4	4
66	4	4
67	4	4
68	4	4
69	4	4
70	4	4
71	4	4
72	4	4
73	4	4
74	4	4
75	4	4
76	4	4
77	4	4
78	4	4
79	4	4
80	4	4
81	4	4
82	4	4
83	4	4
84	4	4
85	4	4
86	4	4
87	4	4
88	4	4
89	4	4
90	4	4
91	4	4
92	4	4
93	4	4
94	4	4
95	4	4
96	4	4
97	4	4
98	4	4
99	4	4
100	4	4
101	4	4
102	4	4
103	4	4
104	4	4
105	4	4
106	4	4
107	4	4
108	4	4
109	4	4
110	4	4
111	4	4
112	4	4
113	4	4
114	4	4
115	4	4
116	4	4
117	4	4
118	4	4
119	4	4
120	4	4
121	4	4
122	4	4
123	4	4
124	4	4
125	4	4
126	4	4
127	4	4
128	4	4
129	4	4
130	4	4
131	4	4
132	4	4
133	4	4
134	4	4
135	4	4
136	4	4
137	4	4
138	4	4
139	4	4
140	4	4
141	4	4
142	4	4
143	4	4
144	4	4
145	4	4
146	4	2
147	3	3
148	3	3
149	4	3
150	4	3
151	3	3
152	4	4
153	6	6
154	0	6
155	0	6
156	1	2
157	2	2
158	2	2
159	2	2
160	2	2
161	2	2
162	2	2
163	2	6
164	2	2
165	2	2
166	2	2
167	2	2
168	2	2
169	2	2
170	2	2
171	2	2
172	2	6
173	2	2
174	2	2
175	2	2
176	2	2
177	2	2
178	2	2
179	2	2
180	2	2
181	2	6
182	2	2
183	2	2
184	2	2
185	2	2
186	2	2
187	2	2
188	2	2
189	2	2
190	2	2
191	2	6
192	2	2
193	2	2
194	2	2
195	2	2
196	2	2
197	2	2
198	2	2
199	2	2
200	2	2
201	2	2
202	2	2
203	2	2
204	2	2
205	2	2
206	2	2
207	2	2
208	2	2
209	2	2
210	2	2
211	2	2
212	2	2
213	2	2
214	2	2
215	2	2
216	2	2
217	2	2
218	3	2
219	2	2
220	3	2
221	2	2
222	3	2
223	3	3
224	2	2
225	2	2
226	2	2
227	2	2
228	2	2
229	3	2
230	3	2
231	2	2
232	2	2
233	2	2
234	2	2
235	2	2
236	6	6
237	0	6
238	0	6
239	0	6
240	0	6
241	2	2
242	2	2
243	2	2
244	2	2
245	2	6
246	2	6
247	2	2
248	2	2
249	2	2
250	2	2
251	6	6
252	6	6
253	0	6
254	0	6
255	0	6
256	2	2
257	2	6
258	2	2
259	2	2
260	2	2
261	2	2
262	2	2
263	2	2
264	2	2
265	2	2
266	2	2
267	2	2
268	3	2
269	2	2
270	3	2
271	2	2
272	2	2
273	3	2
274	3	3
275	2	2
276	2	2
277	3	3
278	2	2
279	3	3
280	3	3
281	3	3
282	3	3
283	4	4
284	4	4
285	4	4
286	4	4
287	4	4
288	4	6
289	4	4
290	4	4
291	4	4
292	4	4
293	4	6
294	6	6
295	0	6
296	0	6
297	0	6
298	0	6
299	0	2
300	0	6
301	0	2
302	2	2
303	2	2
304	2	2
305	2	2
306	2	2
307	2	2
308	2	2
309	2	2
310	2	2
311	2	2
312	2	2
313	2	2
314	6	6
315	6	6
316	0	6
317	2	2
318	2	6
319	2	2
320	2	2
321	2	2
322	2	2
323	2	2
324	2	2
325	2	2
326	2	2
327	2	2
328	2	2
329	3	2
330	2	2
331	2	2
332	2	2
333	2	2
334	2	2
335	2	2
336	2	2
337	2	2
338	2	2
339	2	2
340	2	2
341	2	2
342	2	2
343	2	2
344	2	2
345	2	6
346	2	2
347	2	2
348	2	2
349	3	3
350	2	2
351	2	2
352	2	2
353	2	2
354	3	2
355	2	2
356	2	6
357	6	6
358	6	6
359	0	6
360	6	6
361	2	2
362	2	2
363	2	2
364	2	2
365	2	2
366	5	5
367	5	5
368	5	5
369	5	5
370	5	5
371	5	5
372	5	5
373	5	5
374	5	5
375	5	5
376	5	5
377	5	5
378	5	5
379	5	5
380	5	5
381	5	5
382	5	6
383	5	6
384	5	5
385	5	5
386	5	5
387	5	5
388	5	5
389	5	5
390	5	5
391	5	5
392	5	5
393	5	5
394	5	5
395	5	5
396	5	5
397	5	6
398	5	5
399	5	6
400	5	5
401	5	5
402	5	5
403	5	6
404	5	5
405	5	5
406	5	6
407	5	5
408	5	5
409	5	5
410	5	6
411	5	6
412	5	5
413	5	5
414	5	5
415	5	5
416	5	5
417	5	5
418	5	5
419	5	5
420	5	5
421	5	5
422	5	5
423	5	6
424	6	6
425	5	6
426	5	1
427	5	1
428	5	6
429	5	7
430	5	7
431	5	7
432	5	7
433	5	7
434	2	2
435	6	6
436	1	7
437	1	7
438	1	7
439	1	7
440	1	7
441	1	7
442	2	7
443	2	7
444	2	2
445	1	7
446	1	7
447	1	7
448	6	6
449	6	6
450	0	6
451	6	6
452	6	6
453	6	6
454	6	6
455	6	6
456	6	6
457	6	6
458	6	6
459	6	6
460	6	6
461	6	6
462	6	6
463	6	6
464	6	6
465	6	6
466	6	6
467	6	6
468	6	6
469	6	6
470	6	6
471	0	6
472	6	6
473	0	0
474	0	0
475	0	0
476	0	0
477	6	6
478	0	0
479	1	6
480	0	0
481	1	1
482	1	1
483	1	6
484	6	6
485	0	0
486	0	0
487	1	1
488	0	0
489	0	1
490	0	0
491	1	1
492	1	1
493	1	1
494	1	6
495	1	6
496	0	6
497	1	1
498	1	6
499	1	1
500	1	1
501	1	1
502	1	2
503	2	2
504	2	2
505	2	2
506	2	6
507	0	6
508	0	1
509	1	1
510	1	1
511	6	6
512	0	0
513	0	0
514	0	1
515	0	0
516	0	1
517	0	2
518	0	2
519	0	6
520	1	1
521	1	1
522	1	1
523	0	6
524	6	6
525	0	6
526	6	6
527	0	6
528	0	6
529	0	0
530	0	0
531	0	0
532	0	0
533	1	1
534	0	6
535	0	6
536	0	0
537	0	0
538	0	0
539	0	0
540	0	0
541	1	0
542	1	0
543	1	1
544	1	1
545	0	6
546	1	6
547	1	6
548	1	6
549	1	6
550	0	0
551	0	6
552	0	6
553	0	6
554	0	0
555	0	6
556	0	0
557	1	1
558	1	2
559	0	2
560	1	2
561	2	2
562	2	2
563	2	2
564	2	2
565	2	2
566	2	2
567	2	2
568	2	2
569	2	2
570	2	2
571	2	2
572	2	2
573	2	2
574	2	2
575	2	2
576	2	2
577	2	2
578	2	2
579	2	2
580	2	2
581	2	2
582	2	2
583	2	2
584	2	2
585	2	2
586	2	2
587	2	2
588	2	2
589	2	2
590	2	2
591	2	2
592	2	2
593	2	2
594	2	2
595	2	2
596	2	2
597	2	2
598	3	3
599	2	2
600	3	3
601	2	2
602	3	3
603	2	2
604	2	2
605	2	2
606	2	6
607	6	6
608	0	6
609	2	2
610	2	2
611	2	2
612	2	2
613	2	2
614	2	2
615	2	2
616	2	2
617	2	2
618	2	2
619	2	2
620	2	2
621	2	6
622	2	2
623	2	2
624	5	6
625	5	6
626	5	5
627	5	5
628	5	5
629	5	5
630	5	5
631	5	5
632	5	5
633	5	5
634	6	6
635	5	5
636	5	5
637	5	5
638	5	5
639	5	5
640	5	5
641	5	6
642	5	5
643	5	5
644	5	5
645	5	5
646	5	5
647	5	5
648	5	5
649	5	5
650	5	5
651	5	5
652	5	5
653	5	5
654	0	2
655	0	2
656	0	6
657	0	6
658	1	6
659	1	7
660	1	7
661	5	7
662	5	7
663	5	7
664	5	7
665	5	7
666	5	7
667	5	7
668	5	7
669	5	7
670	5	7
671	5	7
672	5	7
673	5	7
674	5	7
675	5	7
676	5	7
677	5	7
678	5	7
679	5	7
680	0	6
681	0	0
682	1	1
683	1	2
684	0	2
685	1	2
686	1	6
687	1	6
688	0	2
689	0	6
690	1	2
691	2	2
692	2	2
693	2	2
694	5	5
695	5	5
696	5	5
697	5	5
698	5	5
699	5	6
700	5	5
701	5	5
702	5	5
703	5	5
704	5	5
705	5	6
706	5	5
707	2	2
708	5	5
709	5	5
710	5	5
711	5	5
712	5	5
713	5	6
714	5	5
715	5	6
716	5	6
717	5	6
718	5	6
719	5	6
720	5	5
721	5	5
722	5	5
723	5	6
724	5	6
725	5	6
726	5	5
727	5	6
728	5	5
729	5	5
730	5	5
731	5	5
732	5	5
733	5	5
734	5	5
735	5	5
736	0	0
737	0	0
738	0	6
739	0	6
740	6	6
741	0	6
742	0	0
743	1	1
744	1	1
745	1	6
746	1	1
747	1	1
748	1	6
749	1	2
750	1	2
751	1	6
752	6	6
753	1	1
754	1	1
755	1	6
756	1	6
757	1	6
758	0	1
759	7	7
