1	0	6
2	0	6
3	0	6
4	0	6
5	0	6
6	0	6
7	0	6
8	0	6
9	0	6
10	0	6
11	0	6
12	0	6
13	0	0
14	0	6
15	6	6
16	6	6
17	0	6
18	0	6
19	0	6
20	0	6
21	0	0
22	0	0
23	6	6
24	0	0
25	0	0
26	0	0
27	1	1
28	1	1
29	1	6
30	0	6
31	0	0
32	1	6
33	1	6
34	1	1
35	2	2
36	2	2
37	2	2
38	2	2
39	2	2
40	3	3
41	2	2
42	2	6
43	2	2
44	3	3
45	3	3
46	4	4
47	4	4
48	6	6
49	2	2
50	3	3
51	4	4
52	4	4
53	4	4
54	4	4
55	3	6
56	4	4
57	4	4
58	4	4
59	4	4
60	4	4
61	4	4
62	4	4
63	4	4
64	4	4
65	4	4
66	4	4
67	6	6
68	6	6
69	0	6
70	0	0
71	0	0
72	0	6
73	0	6
74	0	6
75	0	0
76	1	1
77	0	0
78	1	1
79	2	2
80	2	2
81	2	2
82	2	2
83	2	2
84	2	2
85	3	3
86	3	3
87	3	3
88	2	2
89	3	3
90	3	3
91	4	4
92	4	4
93	4	4
94	4	6
95	4	4
96	4	4
97	4	4
98	4	4
99	4	4
100	4	4
101	4	4
102	4	4
103	4	4
104	4	4
105	4	4
106	4	4
107	4	4
108	4	4
109	4	4
110	4	4
111	4	4
112	4	4
113	4	4
114	4	4
115	4	6
116	0	6
117	0	6
118	0	6
119	6	6
120	6	6
121	6	6
122	6	6
123	6	6
124	0	6
125	0	0
126	0	0
127	1	1
128	1	6
129	6	6
130	1	1
131	1	1
132	1	1
133	1	1
134	2	2
135	2	2
136	2	2
137	2	2
138	2	2
139	2	2
140	2	2
141	6	6
142	6	6
143	0	6
144	1	1
145	1	6
146	1	6
147	2	6
148	1	6
149	2	6
150	2	6
151	2	2
152	2	2
153	2	6
154	2	2
155	2	2
156	2	2
157	2	2
158	2	2
159	2	2
160	2	2
161	3	3
162	4	4
163	4	4
164	4	4
165	4	4
166	4	4
167	4	4
168	4	4
169	4	4
170	4	4
171	4	4
172	4	4
173	4	4
174	4	4
175	4	4
176	4	4
177	4	4
178	4	4
179	4	4
180	4	4
181	4	4
182	4	4
183	4	4
184	4	4
185	4	4
186	6	6
187	0	6
188	0	6
189	0	6
190	0	6
191	0	6
192	2	2
193	2	2
194	2	2
195	2	2
196	2	2
197	2	2
198	4	4
199	4	4
200	4	4
201	4	4
202	4	4
203	4	4
204	4	4
205	4	4
206	4	4
207	4	4
208	4	4
209	4	4
210	4	4
211	4	4
212	4	4
213	4	4
214	4	4
215	4	4
216	4	4
217	4	4
218	4	4
219	4	4
220	4	4
221	4	4
222	4	4
223	4	4
224	4	4
225	4	4
226	4	4
227	4	6
228	4	4
229	4	4
230	4	4
231	4	4
232	4	4
233	4	4
234	4	4
235	4	4
236	4	4
237	4	4
238	6	6
239	6	6
240	0	6
241	0	6
242	0	6
243	0	6
244	1	6
245	2	6
246	2	6
247	2	6
248	2	2
249	3	3
250	2	2
251	2	2
252	2	2
253	5	5
254	5	6
255	5	5
256	5	5
257	5	5
258	2	2
259	5	6
260	5	5
261	5	6
262	5	5
263	6	6
264	1	6
265	2	6
266	2	1
267	5	6
268	5	5
269	5	5
270	5	5
271	5	5
272	5	5
273	5	5
274	5	6
275	5	5
276	5	5
277	5	5
278	5	5
279	5	5
280	5	6
281	5	5
282	5	5
283	5	5
284	5	5
285	5	6
286	5	5
287	5	5
288	5	5
289	5	6
290	1	1
291	1	1
292	2	2
293	2	6
294	2	6
295	2	6
296	1	1
297	2	6
298	2	6
299	0	0
300	2	6
301	2	6
302	2	6
303	2	6
304	2	6
305	2	6
306	2	6
307	6	6
308	6	6
309	0	6
310	0	0
311	0	0
312	2	6
313	2	6
314	2	6
315	6	6
316	1	6
317	6	6
318	0	6
319	0	6
320	0	6
321	6	6
322	0	0
323	0	0
324	0	0
325	2	2
326	2	2
327	2	2
328	2	2
329	2	2
330	2	2
331	2	2
332	2	2
333	2	2
334	2	2
335	3	3
336	2	2
337	2	2
338	2	2
339	2	2
340	2	2
341	2	2
342	3	3
343	3	3
344	2	2
345	3	3
346	3	3
347	3	3
348	4	4
349	4	4
350	4	4
351	4	4
352	4	4
353	2	2
354	3	3
355	4	4
356	3	3
357	4	4
358	4	4
359	4	4
360	4	4
361	4	4
362	4	4
363	4	4
364	4	4
365	6	6
366	0	6
367	0	6
368	2	2
369	6	6
370	6	6
371	1	6
372	1	6
373	2	6
374	2	6
375	2	2
376	2	2
377	2	2
378	2	2
379	2	6
380	2	6
381	2	6
382	2	6
383	2	6
384	2	6
385	2	6
386	2	2
387	2	2
388	3	3
389	3	3
390	4	4
391	4	4
392	3	3
393	3	3
394	4	4
395	4	4
396	4	4
397	3	3
398	4	4
399	4	4
400	4	4
401	6	6
402	6	6
403	1	6
404	2	6
405	0	0
406	2	2
407	2	2
408	2	2
409	2	2
410	2	2
411	2	6
412	2	2
413	2	2
414	2	2
415	3	3
416	2	6
417	1	6
418	2	6
419	6	6
420	1	6
421	1	6
422	6	6
423	6	6
424	0	0
425	1	1
426	2	2
427	0	0
428	6	6
429	0	6
430	0	0
431	0	6
432	6	6
433	6	6
434	0	6
435	6	6
436	6	6
437	0	6
438	0	0
439	0	0
440	0	0
441	1	1
442	0	0
443	0	0
444	1	1
445	0	0
446	0	0
447	1	1
448	2	2
449	2	2
450	2	2
451	2	2
452	2	2
453	2	2
454	2	2
455	2	2
456	2	2
457	2	2
458	2	2
459	2	2
460	2	2
461	2	2
462	2	2
463	2	2
464	2	2
465	2	2
466	2	2
467	2	2
468	2	2
469	2	2
470	2	2
471	2	2
472	2	6
473	2	2
474	2	2
475	2	2
476	2	2
477	2	2
478	2	2
479	2	2
480	2	2
481	5	5
482	5	5
483	5	5
484	5	5
485	5	5
486	6	6
487	5	6
488	5	6
489	5	6
490	5	5
491	5	6
492	5	5
493	5	6
494	5	5
495	5	5
496	5	5
497	5	6
498	5	5
499	5	5
500	5	5
501	5	6
502	5	6
503	5	6
504	5	6
505	5	6
506	5	5
507	5	5
508	5	5
509	5	6
510	5	5
511	5	5
512	5	5
513	5	5
514	5	6
515	5	6
516	5	5
517	5	6
518	5	6
519	5	6
520	5	6
521	5	6
522	5	6
523	5	6
524	5	6
525	5	6
526	5	6
527	5	5
528	6	6
529	0	6
530	0	6
531	0	0
532	0	6
533	6	6
534	0	6
535	0	0
536	1	1
537	1	1
538	1	1
539	2	2
540	2	2
541	2	2
542	2	2
543	2	2
544	2	2
545	2	2
546	2	2
547	2	2
548	2	2
549	2	2
550	2	2
551	2	2
552	2	2
553	2	2
554	2	6
555	2	2
556	2	2
557	2	2
558	2	2
559	2	2
560	3	3
561	3	3
562	3	3
563	3	3
564	3	3
565	3	3
566	3	3
567	3	3
568	3	3
569	4	4
570	4	4
571	4	4
572	4	4
573	4	4
574	4	4
575	4	4
576	4	4
577	4	6
578	4	4
579	4	4
580	4	4
581	4	4
582	4	4
583	4	4
584	4	4
585	4	4
586	4	4
587	4	4
588	4	4
589	4	4
590	4	4
591	4	4
592	4	4
593	4	4
594	4	4
595	4	4
596	4	4
597	4	4
598	4	4
599	4	4
600	6	6
601	6	6
602	0	6
603	6	6
604	0	6
605	0	6
606	6	6
607	0	6
608	1	6
609	2	6
610	6	6
611	0	6
612	6	6
613	1	6
614	1	6
615	2	2
616	2	2
617	2	2
618	2	2
619	2	2
620	2	2
621	2	2
622	2	2
623	2	2
624	2	6
625	2	6
626	2	2
627	2	2
628	2	2
629	2	2
630	2	2
631	2	2
632	2	2
633	2	2
634	6	6
635	6	6
636	2	6
637	2	6
638	2	6
639	2	6
640	2	6
641	2	6
642	2	6
643	2	2
644	2	2
645	2	2
646	2	2
647	2	2
648	2	2
649	6	6
650	6	6
651	6	6
652	0	6
653	0	6
654	0	6
655	0	6
656	0	6
657	0	6
658	0	6
659	1	6
660	6	6
661	6	6
662	6	6
663	6	6
664	6	6
665	0	6
666	0	0
667	0	6
668	0	0
669	0	0
670	1	1
671	1	1
672	6	6
673	6	6
674	0	0
675	0	0
676	0	0
677	0	0
678	1	1
679	1	1
680	1	1
681	2	2
682	2	2
683	2	2
684	2	2
685	2	2
686	2	2
687	2	2
688	2	2
689	6	6
690	6	6
691	0	6
692	1	1
693	1	1
694	1	1
695	2	2
696	2	2
697	2	2
698	2	2
699	2	2
700	2	2
701	2	2
702	2	6
703	2	2
704	2	2
705	2	2
706	2	2
707	2	2
708	2	2
709	2	2
710	2	2
711	2	2
712	2	2
713	2	2
714	2	2
715	2	2
716	2	2
717	2	2
718	5	6
719	5	5
720	5	5
721	5	5
722	5	5
723	5	6
724	5	6
725	5	6
726	5	6
727	5	5
728	5	6
729	5	6
730	5	6
731	5	6
732	5	5
733	5	5
734	5	6
735	5	6
736	5	6
737	5	6
738	5	5
739	5	5
740	5	5
741	5	5
742	5	5
743	5	5
744	5	5
745	5	6
746	5	6
747	5	5
748	5	6
749	5	6
750	5	6
751	5	6
752	5	6
753	5	5
754	5	6
755	5	6
756	5	6
757	5	6
758	5	6
759	5	5
760	5	5
761	5	6
762	5	6
763	6	6
764	6	6
765	0	6
766	0	0
767	1	1
768	1	6
769	1	1
770	1	6
771	2	2
772	2	2
773	2	2
774	2	2
775	2	2
776	2	2
777	1	1
778	2	2
779	2	2
780	2	2
781	2	2
782	2	2
783	2	6
784	2	2
785	2	6
786	2	6
787	6	6
788	6	6
789	6	6
790	0	0
791	1	6
792	2	2
793	2	2
794	2	2
795	2	2
796	2	2
797	2	2
798	2	2
799	2	2
800	2	2
801	2	2
802	2	2
803	2	2
804	2	2
805	2	2
806	2	2
807	2	2
808	2	2
809	2	2
810	2	2
811	6	6
812	6	6
813	7	7
