1	7	7
2	7	7
3	7	7
4	7	7
5	7	7
6	7	7
7	7	7
8	7	7
9	7	7
10	7	7
11	7	7
12	7	7
13	7	7
14	7	7
15	7	7
16	7	7
17	7	7
18	7	7
19	7	7
20	7	7
21	7	7
22	7	7
23	7	7
24	7	7
25	7	7
26	7	7
27	6	6
28	0	0
29	0	0
30	0	0
31	0	0
32	0	0
33	0	0
34	0	0
35	0	0
36	0	0
37	1	1
38	1	1
39	1	1
40	1	1
41	1	1
42	1	1
43	1	1
44	1	1
45	1	1
46	2	2
47	2	2
48	2	2
49	2	2
50	2	2
51	3	3
52	2	2
53	2	2
54	3	3
55	3	3
56	2	2
57	3	3
58	3	3
59	3	3
60	3	3
61	2	2
62	6	6
63	6	6
64	6	6
65	2	2
66	2	2
67	2	2
68	2	2
69	2	2
70	2	2
71	2	2
72	2	2
73	2	2
74	2	2
75	3	3
76	2	2
77	3	3
78	3	3
79	3	3
80	3	3
81	3	3
82	4	4
83	4	4
84	4	4
85	4	4
86	2	2
87	2	2
88	3	3
89	3	3
90	2	2
91	3	3
92	3	3
93	4	4
94	4	4
95	4	4
96	4	4
97	4	4
98	4	4
99	4	4
100	4	4
101	4	4
102	0	0
103	0	0
104	0	0
105	0	0
106	0	0
107	1	1
108	2	2
109	2	2
110	2	2
111	2	2
112	3	3
113	2	2
114	2	2
115	2	2
116	2	2
117	3	3
118	4	4
119	3	3
120	4	4
121	3	3
122	3	3
123	3	3
124	4	4
125	2	2
126	3	3
127	3	3
128	3	3
129	4	4
130	4	4
131	4	4
132	4	4
133	4	4
134	4	4
135	4	4
136	4	4
137	4	4
138	4	4
139	4	4
140	4	4
141	4	4
142	4	4
143	4	4
144	4	4
145	4	4
146	4	4
147	4	4
148	4	4
149	4	4
150	4	4
151	4	4
152	4	4
153	4	4
154	4	4
155	4	4
156	4	4
157	4	4
158	4	4
159	4	4
160	4	4
161	4	4
162	4	4
163	4	4
164	4	4
165	4	4
166	4	4
167	4	4
168	4	4
169	4	4
170	4	4
171	4	4
172	4	4
173	4	4
174	4	4
175	6	6
176	0	0
177	0	0
178	0	0
179	0	0
180	1	1
181	7	7
182	2	2
183	2	2
184	2	2
185	2	2
186	2	2
187	2	2
188	1	1
189	1	1
190	1	1
191	1	1
192	2	2
193	2	2
194	2	2
195	5	2
196	5	2
197	5	2
198	5	2
199	5	2
200	5	2
201	5	2
202	5	2
203	5	5
204	5	5
205	5	5
206	5	5
207	5	5
208	5	5
209	5	6
210	5	5
211	2	2
212	2	2
213	5	2
214	5	5
215	5	5
216	5	5
217	5	5
218	5	5
219	5	5
220	5	5
221	5	5
222	5	6
223	5	2
224	2	2
225	2	2
226	2	2
227	2	2
228	2	2
229	2	2
230	2	2
231	2	2
232	2	2
233	2	2
234	2	2
235	2	2
236	2	2
237	2	2
238	2	2
239	2	2
240	3	3
241	3	3
242	3	3
243	3	4
244	3	4
245	2	2
246	2	2
247	2	2
248	2	2
249	2	2
250	2	3
251	2	3
252	2	2
253	2	3
254	3	3
255	3	3
256	3	3
257	4	4
258	4	6
259	3	6
260	2	6
261	2	6
262	2	6
263	2	6
264	3	6
265	3	6
266	4	6
267	3	6
268	2	6
269	2	6
270	2	6
271	2	6
272	3	6
273	2	6
274	2	6
275	0	6
276	0	6
277	0	6
278	2	2
279	2	2
280	2	2
281	2	2
282	2	6
283	2	6
284	2	6
285	2	6
286	2	6
287	2	6
288	2	6
289	2	6
290	4	6
291	2	6
292	2	6
293	2	6
294	3	6
295	3	6
296	2	6
297	2	6
298	2	6
299	3	6
300	3	6
301	3	6
302	2	6
303	2	6
304	2	6
305	6	6
306	2	6
307	2	6
308	2	6
309	2	6
310	2	6
311	2	6
312	2	6
313	2	6
314	2	6
315	2	6
316	2	6
317	2	6
318	2	6
319	2	6
320	3	6
321	2	6
322	2	6
323	2	6
324	6	6
325	6	6
326	0	6
327	0	6
328	0	0
329	6	6
330	6	6
331	0	6
332	0	6
333	0	6
334	0	6
335	0	6
336	0	6
337	6	6
338	6	6
339	0	0
340	0	0
341	0	0
342	0	0
343	0	0
344	0	0
345	0	0
346	0	0
347	1	1
348	2	2
349	2	2
350	2	0
351	2	0
352	2	2
353	2	2
354	2	2
355	2	2
356	2	2
357	0	0
358	1	2
359	2	2
360	2	2
361	2	2
362	2	2
363	0	6
364	2	2
365	2	2
366	2	2
367	1	1
368	2	2
369	2	2
370	0	0
371	0	6
372	1	6
373	1	2
374	2	2
375	2	2
376	2	2
377	2	2
378	2	2
379	2	2
380	2	2
381	2	2
382	2	2
383	2	2
384	2	2
385	2	2
386	0	6
387	0	2
388	0	0
389	6	6
390	0	0
391	1	1
392	0	0
393	0	6
394	2	2
395	2	2
396	2	2
397	2	2
398	2	2
399	2	2
400	2	2
401	2	2
402	2	2
403	2	2
404	2	2
405	2	2
406	2	2
407	5	5
408	5	5
409	5	5
410	5	5
411	5	5
412	5	5
413	5	5
414	5	5
415	5	5
416	5	5
417	5	5
418	5	5
419	5	5
420	5	5
421	5	6
422	5	6
423	5	5
424	5	6
425	5	6
426	5	5
427	5	5
428	5	6
429	5	5
430	5	5
431	5	5
432	5	5
433	5	5
434	5	5
435	5	5
436	5	5
437	5	5
438	5	6
439	5	5
440	5	6
441	5	6
442	5	6
443	5	6
444	5	5
445	5	5
446	5	5
447	5	5
448	5	5
449	5	5
450	5	5
451	5	5
452	5	5
453	5	5
454	5	5
455	5	5
456	5	5
457	5	6
458	5	5
459	5	6
460	5	5
461	5	5
462	5	5
463	5	5
464	5	5
465	5	5
466	5	5
467	5	5
468	5	5
469	5	5
470	5	5
471	5	5
472	5	5
473	5	5
474	5	6
475	5	5
476	5	5
477	5	5
478	5	6
479	0	6
480	1	6
481	1	6
482	2	6
483	2	2
484	2	6
485	2	2
486	2	2
487	2	2
488	2	2
489	2	6
490	2	6
491	2	2
492	2	6
493	2	2
494	2	6
495	2	6
496	2	6
497	2	6
498	2	6
499	2	6
500	2	6
501	2	6
502	2	6
503	2	6
504	2	6
505	2	6
506	2	6
507	2	6
508	2	6
509	2	6
510	2	6
511	2	6
512	2	6
513	2	6
514	2	6
515	2	6
516	2	6
517	2	6
518	2	6
519	2	6
520	2	6
521	2	6
522	2	6
523	3	6
524	3	6
525	3	6
526	4	6
527	3	6
528	2	6
529	2	6
530	2	6
531	1	6
532	2	6
533	2	6
534	2	6
535	2	6
536	0	6
537	2	6
538	0	6
539	0	6
540	1	6
541	2	6
542	2	6
543	2	6
544	2	6
545	2	6
546	2	6
547	2	6
548	2	6
549	3	6
550	3	6
551	4	6
552	4	6
553	4	6
554	4	6
555	4	6
556	4	6
557	4	6
558	3	6
559	2	6
560	2	6
561	2	6
562	3	6
563	6	6
564	2	6
565	2	6
566	2	6
567	2	6
568	2	6
569	3	6
570	3	6
571	4	6
572	4	6
573	4	6
574	4	6
575	4	6
576	4	6
577	4	6
578	4	6
579	4	6
580	4	6
581	4	6
582	4	6
583	4	6
584	4	6
585	4	6
586	4	6
587	4	6
588	4	6
589	4	6
590	4	6
591	4	6
592	4	6
593	4	6
594	4	6
595	4	2
596	0	6
597	1	6
598	2	6
599	1	6
600	2	6
601	2	6
602	2	6
603	2	6
604	2	6
605	2	6
606	0	6
607	0	6
608	0	6
609	1	2
610	5	5
611	5	5
612	5	5
613	5	5
614	5	5
615	5	6
616	5	6
617	5	6
618	5	6
619	5	5
620	5	6
621	5	6
622	5	5
623	5	5
624	5	5
625	5	5
626	5	5
627	5	6
628	5	6
629	5	6
630	5	6
631	5	5
632	5	5
633	5	5
634	5	5
635	5	6
636	5	6
637	5	5
638	5	6
639	5	5
640	5	5
641	5	6
642	5	5
643	5	5
644	5	6
645	5	5
646	5	5
647	0	6
648	1	6
649	1	6
650	1	6
651	2	6
652	6	6
653	2	2
654	2	2
655	2	6
656	2	2
657	2	2
658	2	2
659	2	2
660	2	2
661	2	2
662	2	2
663	2	2
664	2	2
665	2	2
666	2	2
667	2	2
668	2	2
669	2	2
670	2	2
671	2	2
672	2	2
673	2	2
674	2	2
675	2	2
676	2	2
677	2	2
678	2	2
679	2	2
680	2	2
681	2	2
682	2	2
683	2	2
684	2	6
685	2	6
686	2	6
687	3	6
688	2	6
689	2	6
690	2	6
691	2	6
692	2	6
693	2	6
694	2	6
695	2	6
696	2	6
697	2	6
698	2	6
699	2	2
700	2	6
701	2	6
702	2	6
703	2	6
704	2	2
705	2	2
706	2	6
707	2	6
708	2	6
709	3	6
710	3	6
711	2	2
712	2	6
713	2	2
714	2	6
715	2	6
716	2	6
717	2	6
718	3	3
719	2	2
720	2	6
721	2	6
722	3	6
723	4	6
724	4	6
725	4	6
726	4	6
727	4	4
728	4	3
729	2	2
730	3	2
731	3	6
732	3	6
733	3	3
734	4	4
735	4	6
736	3	3
737	3	3
738	3	2
739	3	3
740	3	3
741	3	3
742	3	3
743	3	3
744	3	3
745	3	2
746	3	2
747	3	3
748	4	3
749	3	6
750	4	6
751	4	6
752	4	6
753	4	6
754	4	2
755	4	3
756	4	6
757	3	3
758	4	3
759	4	3
760	4	2
761	4	2
762	4	2
763	4	2
764	4	2
765	4	3
766	3	2
767	3	2
768	4	2
769	4	2
770	4	6
771	3	2
772	3	2
773	4	2
774	4	2
775	4	6
776	4	2
777	4	2
778	4	2
779	6	6
780	0	6
781	0	2
782	0	6
783	2	2
784	0	0
785	2	2
786	1	2
787	0	2
788	0	2
789	2	2
790	2	2
791	2	2
792	2	2
793	2	2
794	2	2
795	2	2
796	2	2
797	2	2
798	2	2
799	5	2
800	5	2
801	5	2
802	5	1
803	5	5
804	5	5
805	5	5
806	5	5
807	5	5
808	5	5
809	5	5
810	5	5
811	5	5
812	5	5
813	5	5
814	5	6
815	5	6
816	5	5
817	5	5
818	5	5
819	5	5
820	5	5
821	5	5
822	5	5
823	5	5
824	5	5
825	5	5
826	5	6
827	5	5
828	5	5
829	5	5
830	5	5
831	5	5
832	5	5
833	5	5
834	5	5
835	5	6
836	5	5
837	5	5
838	5	5
839	5	5
840	5	5
841	6	6
842	5	5
843	5	5
844	5	5
845	6	6
846	5	5
847	5	5
848	5	5
849	5	5
850	6	6
851	5	5
852	5	5
853	0	0
854	0	6
855	1	6
856	1	6
857	2	6
858	2	6
859	2	2
860	2	2
861	2	2
862	2	2
863	2	2
864	2	2
865	2	6
866	2	6
867	1	2
868	2	2
869	2	6
870	2	2
871	2	2
872	2	2
873	2	6
874	2	2
875	2	2
876	2	2
877	2	2
878	2	2
879	2	2
880	2	2
881	2	2
882	2	6
883	2	6
884	2	6
885	2	6
886	2	2
887	2	2
888	2	2
889	2	6
890	2	6
891	2	2
892	2	6
893	2	6
894	2	2
895	2	2
896	2	2
898	2	2
899	2	6
900	0	6
901	1	2
902	2	2
903	2	2
904	2	2
905	2	2
906	2	2
907	2	2
908	2	2
909	2	2
910	2	2
911	2	2
912	2	2
913	2	2
914	2	2
915	2	2
916	2	2
917	2	2
918	2	2
919	2	2
920	2	2
921	2	2
922	2	2
923	2	2
924	2	2
925	2	2
926	2	2
927	2	2
928	2	2
929	2	2
930	6	6
931	0	0
932	0	6
933	6	6
934	0	6
935	0	6
936	0	6
937	1	6
938	2	2
939	2	2
940	2	2
941	2	2
942	2	2
943	2	2
944	2	2
945	2	2
946	2	2
947	2	2
948	5	2
949	5	5
950	5	5
951	5	5
952	5	5
953	5	5
954	5	5
955	5	5
956	5	5
957	5	5
958	5	5
959	5	5
960	5	5
961	5	5
962	5	5
963	5	5
964	5	5
965	5	5
966	5	5
967	5	5
968	5	5
969	5	5
970	5	5
971	5	5
972	5	5
973	5	5
974	5	5
975	5	5
976	5	0
977	0	0
978	0	0
979	0	6
980	0	6
981	0	0
982	1	1
983	1	1
984	1	1
985	1	1
986	1	1
987	6	6
988	6	6
989	0	0
990	0	6
991	0	6
992	6	6
993	0	0
994	0	0
995	0	0
996	6	6
997	6	6
998	0	0
999	0	6
1000	0	6
1001	1	1
1002	0	6
1003	0	6
1004	1	1
1005	1	1
1006	1	1
1007	1	1
1008	1	1
1009	1	1
1010	1	1
1011	1	1
1012	1	1
1013	1	1
1014	1	1
1015	1	1
1016	2	6
1017	1	1
1018	1	1
1019	1	1
1020	1	1
1021	1	1
1022	2	2
1023	2	2
1024	2	2
1025	2	2
1026	2	2
1027	2	2
1028	2	2
1029	2	2
1030	2	2
1031	2	2
1032	2	2
1033	2	2
1034	2	2
1035	2	2
1036	2	2
1037	2	2
1038	2	2
1039	2	2
1040	2	2
1041	2	2
1042	2	2
1043	5	5
1044	5	5
1045	5	5
1046	5	5
1047	5	5
1048	5	5
1049	5	5
1050	5	5
1051	5	5
1052	5	5
1053	5	5
1054	5	5
1055	5	5
1056	5	5
1057	5	5
1058	5	5
1059	5	5
1060	5	5
1061	5	5
1062	5	5
1063	5	5
1064	5	6
1065	5	5
1066	5	5
1067	5	6
1068	5	5
1069	5	5
1070	5	5
1071	5	5
1072	5	5
1073	5	5
1074	5	5
1075	5	5
1076	5	5
1077	5	5
1078	5	5
1079	5	5
1080	5	5
1081	5	5
1082	5	5
1083	5	5
1084	5	5
1085	5	5
1086	5	5
1087	5	5
1088	5	5
1089	5	5
1090	5	5
1091	6	6
1092	1	6
1093	1	6
1094	1	2
1095	2	2
1096	2	2
1097	0	6
1098	1	2
1099	2	2
1100	2	2
1101	2	2
1102	2	2
1103	2	2
1104	2	2
1105	2	2
1106	2	2
1107	2	2
1108	2	2
1109	2	2
1110	2	2
1111	2	2
1112	2	2
1113	2	2
1114	2	2
1115	2	2
1116	2	2
1117	2	2
1118	2	2
1119	2	2
1120	2	2
1121	2	2
1122	2	2
1123	2	2
1124	2	2
1125	2	2
1126	2	2
1127	2	6
1128	2	2
1129	2	2
1130	2	2
1131	2	2
1132	2	2
1133	2	2
1134	2	2
1135	2	6
1136	2	6
1137	2	6
1138	2	6
1139	6	6
1140	6	6
1141	1	6
1142	1	6
1143	1	1
1144	1	1
1145	1	1
1146	1	2
1147	1	1
1148	0	0
1149	6	6
1150	0	6
1151	0	0
1152	0	0
1153	0	0
1154	0	6
1155	0	6
1156	0	0
1157	0	6
1158	0	6
1159	0	0
1160	0	0
1161	0	6
1162	0	6
1163	0	6
1164	0	6
1165	0	0
1166	0	6
1167	0	6
1168	0	6
1169	0	0
1170	0	6
1171	0	0
1172	0	6
1173	0	6
1174	0	6
1175	0	0
1176	0	0
1177	0	6
1178	1	0
1179	1	0
1180	1	0
1181	1	0
1182	1	0
1183	1	0
1184	1	0
1185	1	0
1186	1	0
1187	1	0
1188	6	6
1189	1	1
1190	1	1
1191	6	6
1192	0	0
1193	1	1
1194	1	1
1195	0	0
1196	0	0
1197	6	6
1198	6	6
1199	0	0
1200	1	1
1201	1	1
1202	1	1
1203	0	1
1204	1	1
1205	1	1
1206	1	2
1207	0	6
1208	1	1
1209	0	1
1210	1	1
1211	1	1
1212	1	1
1213	1	2
1214	6	6
1215	1	1
1216	1	2
1217	6	6
1218	6	6
1219	0	0
0	0	0
