   1   0   7
   2   0   7
   3   0   7
   4   0   7
   5   0   7
   6   0   7
   7   0   7
   8   0   7
   9   0   7
  10   0   7
  11   0   7
  12   0   7
  13   0   7
  14   0   7
  15   0   7
  16   0   7
  17   0   7
  18   0   7
  19   0   7
  20   0   7
  21   0   7
  22   0   7
  23   0   7
  24   0   7
  25   0   7
  26   0   7
  27   0   7
  28   0   7
  29   0   7
  30   1   7
  31   1   7
  32   1   7
  33   1   7
  34   6   7
  35   0   7
  36   1   7
  37   1   7
  38   1   7
  39   1   7
  40   1   7
  41   1   7
  42   6   7
  43   1   7
  44   1   7
  45   1   7
  46   2   7
  47   2   7
  48   1   7
  49   2   7
  50   2   7
  51   2   7
  52   2   7
  53   2   7
  54   2   7
  55   2   7
  56   2   7
  57   2   7
  58   2   7
  59   2   7
  60   2   7
  61   2   7
  62   2   7
  63   3   7
  64   3   7
  65   2   7
  66   3   7
  67   3   7
  68   3   7
  69   2   7
  70   2   7
  71   2   7
  72   3   7
  73   2   7
  74   2   7
  75   3   7
  76   3   7
  77   3   7
  78   4   7
  79   4   7
  80   2   7
  81   3   7
  82   4   7
  83   4   7
  84   4   7
  85   4   7
  86   4   7
  87   4   7
  88   4   7
  89   3   7
  90   4   7
  91   3   7
  92   4   7
  93   3   7
  94   4   7
  95   4   7
  96   3   7
  97   4   7
  98   4   7
  99   4   7
 100   3   7
 101   4   7
 102   3   7
 103   4   7
 104   4   7
 105   4   7
 106   4   7
 107   4   7
 108   4   7
 109   4   7
 110   4   7
 111   4   7
 112   4   7
 113   4   7
 114   4   7
 115   4   7
 116   4   7
 117   4   7
 118   3   7
 119   4   7
 120   4   7
 121   6   7
 122   2   7
 123   2   7
 124   2   7
 125   6   7
 126   6   7
 127   6   7
 128   2   7
 129   2   7
 130   2   7
 131   2   7
 132   2   7
 133   2   7
 134   5   7
 135   2   7
 136   2   7
 137   2   7
 138   2   7
 139   2   7
 140   2   7
 141   2   7
 142   2   7
 143   2   7
 144   2   7
 145   2   7
 146   1   7
 147   2   7
 148   2   7
 149   2   7
 150   2   7
 151   2   7
 152   2   7
 153   2   7
 154   2   7
 155   2   7
 156   2   7
 157   2   7
 158   6   7
 159   6   7
 160   2   7
 161   2   7
 162   2   7
 163   2   7
 164   6   7
 165   2   7
 166   2   7
 167   2   7
 168   2   7
 169   2   7
 170   2   7
 171   2   7
 172   2   7
 173   2   7
 174   2   7
 175   3   7
 176   2   7
 177   2   7
 178   2   7
 179   6   7
 180   6   7
 181   2   7
 182   2   7
 183   2   7
 184   2   7
 185   2   7
 186   2   7
 187   2   7
 188   2   7
 189   2   7
 190   2   7
 191   2   7
 192   2   7
 193   2   7
 194   2   7
 195   2   7
 196   2   7
 197   2   7
 198   3   7
 199   3   7
 200   3   7
 201   2   7
 202   3   7
 203   4   7
 204   6   7
 205   6   7
 206   6   7
 207   6   7
 208   2   7
 209   2   7
 210   2   7
 211   2   7
 212   2   7
 213   2   7
 214   2   7
 215   2   7
 216   2   7
 217   2   7
 218   2   7
 219   2   7
 220   2   7
 221   2   7
 222   2   7
 223   2   7
 224   2   7
 225   3   7
 226   3   7
 227   3   7
 228   3   7
 229   4   7
 230   4   7
 231   4   7
 232   4   7
 233   4   7
 234   3   7
 235   3   7
 236   4   7
 237   4   7
 238   4   7
 239   4   7
 240   4   7
 241   4   7
 242   4   7
 243   4   7
 244   4   7
 245   4   7
 246   4   7
 247   4   7
 248   4   7
 249   3   7
 250   3   7
 251   4   7
 252   4   7
 253   4   7
 254   4   7
 255   4   7
 256   4   7
 257   4   7
 258   3   7
 259   4   7
 260   4   7
 261   4   7
 262   4   7
 263   4   7
 264   3   7
 265   4   7
 266   4   7
 267   4   7
 268   4   7
 269   4   7
 270   4   7
 271   4   7
 272   3   7
 273   3   7
 274   4   7
 275   4   7
 276   4   7
 277   4   7
 278   3   7
 279   4   7
 280   6   7
 281   6   7
 282   6   7
 283   6   7
 284   6   7
 285   2   7
 286   2   7
 287   6   7
 288   6   7
 289   6   7
 290   2   7
 291   2   7
 292   2   7
 293   2   7
 294   2   7
 295   6   7
 296   2   7
 297   2   7
 298   2   7
 299   2   7
 300   2   7
 301   5   7
 302   5   7
 303   5   7
 304   5   7
 305   5   7
 306   5   7
 307   5   7
 308   6   7
 309   5   7
 310   5   7
 311   5   7
 312   5   7
 313   5   7
 314   5   7
 315   5   7
 316   5   7
 317   5   7
 318   5   7
 319   5   7
 320   5   7
 321   5   7
 322   5   7
 323   5   7
 324   5   7
 325   5   7
 326   5   7
 327   5   7
 328   5   7
 329   5   7
 330   5   7
 331   5   7
 332   5   7
 333   5   7
 334   5   7
 335   5   7
 336   5   7
 337   5   7
 338   5   7
 339   5   7
 340   5   7
 341   6   7
 342   5   7
 343   5   7
 344   5   7
 345   5   7
 346   5   7
 347   5   7
 348   6   7
 349   5   7
 350   5   7
 351   5   7
 352   5   7
 353   5   7
 354   5   7
 355   5   7
 356   5   7
 357   2   7
 358   2   7
 359   5   7
 360   5   7
 361   5   7
 362   5   7
 363   5   7
 364   5   7
 365   5   7
 366   5   7
 367   1   7
 368   1   7
 369   2   7
 370   5   7
 371   5   7
 372   5   7
 373   5   7
 374   5   7
 375   5   7
 376   5   7
 377   5   7
 378   5   7
 379   5   7
 380   5   7
 381   5   7
 382   2   7
 383   2   7
 384   2   7
 385   5   7
 386   1   7
 387   2   7
 388   2   7
 389   2   7
 390   2   7
 391   2   7
 392   2   7
 393   2   7
 394   2   7
 395   2   7
 396   2   7
 397   2   7
 398   2   7
 399   2   7
 400   2   7
 401   2   7
 402   2   7
 403   2   7
 404   2   7
 405   2   7
 406   2   7
 407   2   7
 408   2   7
 409   2   7
 410   2   7
 411   2   7
 412   2   7
 413   2   7
 414   2   7
 415   2   7
 416   2   7
 417   2   7
 418   2   7
 419   2   7
 420   2   7
 421   2   7
 422   2   7
 423   2   7
 424   2   7
 425   2   7
 426   2   7
 427   2   7
 428   2   7
 429   2   7
 430   2   7
 431   2   7
 432   2   7
 433   2   7
 434   2   7
 435   3   7
 436   2   7
 437   2   7
 438   2   7
 439   2   7
 440   2   7
 441   2   7
 442   3   7
 443   2   7
 444   3   7
 445   2   7
 446   3   7
 447   2   7
 448   2   7
 449   3   7
 450   3   7
 451   2   7
 452   2   7
 453   2   7
 454   2   7
 455   2   7
 456   2   7
 457   2   7
 458   3   7
 459   2   7
 460   2   7
 461   3   7
 462   2   7
 463   2   7
 464   3   7
 465   2   7
 466   3   7
 467   2   7
 468   3   7
 469   3   7
 470   6   7
 471   2   7
 472   1   7
 473   6   7
 474   1   7
 475   2   7
 476   2   7
 477   2   7
 478   2   7
 479   2   7
 480   2   7
 481   2   7
 482   2   7
 483   2   7
 484   2   7
 485   2   7
 486   2   7
 487   2   7
 488   2   7
 489   2   7
 490   2   7
 491   2   7
 492   2   7
 493   2   7
 494   2   7
 495   2   7
 496   2   7
 497   2   7
 498   2   7
 499   0   7
 500   1   7
 501   2   7
 502   2   7
 503   2   7
 504   2   7
 505   2   7
 506   0   7
 507   2   7
 508   2   7
 509   2   7
 510   2   7
 511   2   7
 512   2   7
 513   2   7
 514   2   7
 515   2   7
 516   2   7
 517   2   7
 518   2   7
 519   2   7
 520   2   7
 521   6   7
 522   1   7
 523   2   7
 524   2   7
 525   2   7
 526   2   7
 527   2   7
 528   2   7
 529   2   7
 530   2   7
 531   2   7
 532   2   7
 533   6   7
 534   2   7
 535   2   7
 536   2   7
 537   0   7
 538   2   7
 539   2   7
 540   2   7
 541   1   7
 542   2   7
 543   2   7
 544   2   7
 545   5   7
 546   5   7
 547   5   7
 548   5   7
 549   5   7
 550   5   7
 551   5   7
 552   5   7
 553   6   7
 554   5   7
 555   5   7
 556   5   7
 557   5   7
 558   5   7
 559   5   7
 560   5   7
 561   5   7
 562   5   7
 563   5   7
 564   5   7
 565   5   7
 566   5   7
 567   6   7
 568   5   7
 569   5   7
 570   5   7
 571   5   7
 572   5   7
 573   5   7
 574   5   7
 575   5   7
 576   5   7
 577   5   7
 578   6   7
 579   1   7
 580   1   7
 581   1   7
 582   1   7
 583   0   7
 584   0   7
 585   0   7
 586   0   7
 587   0   7
 588   0   7
 589   0   7
 590   0   7
 591   0   7
 592   1   7
 593   1   7
 594   0   7
 595   1   7
 596   1   7
 597   0   7
 598   0   7
 599   1   7
 600   1   7
 601   1   7
 602   2   7
 603   1   7
 604   0   7
 605   1   7
 606   2   7
 607   1   7
 608   1   7
 609   2   7
 610   2   7
 611   1   7
 612   0   7
 613   1   7
 614   2   7
 615   2   7
 616   2   7
 617   2   7
 618   2   7
 619   2   7
 620   2   7
 621   2   7
 622   2   7
 623   2   7
 624   2   7
 625   2   7
 626   2   7
 627   2   7
 628   2   7
 629   2   7
 630   2   7
 631   2   7
 632   2   7
 633   2   7
 634   2   7
 635   2   7
 636   2   7
 637   2   7
 638   2   7
 639   2   7
 640   2   7
 641   2   7
 642   2   7
 643   2   7
 644   2   7
 645   2   7
 646   2   7
 647   2   7
 648   2   7
 649   2   7
 650   2   7
 651   2   7
 652   2   7
 653   2   7
 654   2   7
 655   2   7
 656   2   7
 657   2   7
 658   2   7
 659   2   7
 660   2   7
 661   2   7
 662   2   7
 663   2   7
 664   2   7
 665   2   7
 666   2   7
 667   2   7
 668   2   7
 669   2   7
 670   2   7
 671   2   7
 672   2   7
 673   3   7
 674   2   7
 675   2   7
 676   2   7
 677   2   7
 678   2   7
 679   2   7
 680   2   7
 681   2   7
 682   2   7
 683   2   7
 684   2   7
 685   2   7
 686   2   7
 687   2   7
 688   2   7
 689   2   7
 690   2   7
 691   2   7
 692   2   7
 693   2   7
 694   2   7
 695   2   7
 696   2   7
 697   2   7
 698   2   7
 699   2   7
 700   2   7
 701   2   7
 702   2   7
 703   2   7
 704   2   7
 705   6   7
 706   2   7
 707   2   7
 708   2   7
 709   2   7
 710   2   7
 711   2   7
 712   2   7
 713   2   7
 714   2   7
 715   2   7
 716   2   7
 717   2   7
 718   6   7
 719   2   7
 720   2   7
 721   2   7
 722   6   7
 723   2   7
 724   2   7
 725   2   7
 726   2   7
 727   2   7
 728   2   7
 729   2   7
 730   2   7
 731   2   7
 732   2   7
 733   2   7
 734   1   7
 735   2   7
 736   2   7
 737   2   7
 738   6   7
 739   2   7
 740   5   7
 741   5   7
 742   5   7
 743   5   7
 744   5   7
 745   5   7
 746   5   7
 747   5   7
 748   5   7
 749   5   7
 750   5   7
 751   5   7
 752   5   7
 753   5   7
 754   6   7
 755   5   7
 756   5   7
 757   5   7
 758   5   7
 759   5   7
 760   5   7
 761   5   7
 762   5   7
 763   5   7
 764   5   7
 765   5   7
 766   6   7
 767   5   7
 768   5   7
 769   5   7
 770   5   7
 771   5   7
 772   5   7
 773   5   7
 774   5   7
 775   6   7
 776   5   7
 777   5   7
 778   5   7
 779   5   7
 780   5   7
 781   5   7
 782   5   7
 783   6   7
 784   5   7
 785   5   7
 786   5   7
 787   5   7
 788   5   7
 789   5   7
 790   5   7
 791   5   7
 792   5   7
 793   5   7
 794   5   7
 795   5   7
 796   5   7
 797   5   7
 798   5   7
 799   6   7
 800   5   7
 801   5   7
 802   5   7
 803   5   7
 804   5   7
 805   5   7
 806   5   7
 807   5   7
 808   5   7
 809   5   7
 810   5   7
 811   5   7
 812   5   7
 813   5   7
 814   6   7
 815   5   7
 816   5   7
 817   5   7
 818   5   7
 819   5   7
 820   1   7
 821   1   7
 822   5   7
 823   5   7
 824   5   7
 825   5   7
 826   5   7
 827   6   7
 828   5   7
 829   5   7
 830   5   7
 831   5   7
 832   5   7
 833   5   7
 834   5   7
 835   5   7
 836   5   7
 837   6   7
 838   5   7
 839   5   7
 840   5   7
 841   5   7
 842   5   7
 843   5   7
 844   5   7
 845   5   7
 846   5   7
 847   6   7
 848   5   7
 849   5   7
 850   5   7
 851   5   7
 852   5   7
 853   5   7
 854   5   7
 855   5   7
 856   6   7
 857   1   7
 858   2   7
 859   2   7
 860   2   7
 861   2   7
 862   2   7
 863   2   7
 864   2   7
 865   2   7
 866   2   7
 867   2   7
 868   2   7
 869   2   7
 870   2   7
 871   2   7
 872   2   7
 873   2   7
 874   2   7
 875   2   7
 876   2   7
 877   2   7
 878   2   7
 879   2   7
 880   2   7
 881   2   7
 882   2   7
 883   2   7
 884   2   7
 885   2   7
 886   2   7
 887   2   7
 888   2   7
 889   2   7
 890   2   7
 891   2   7
 892   2   7
 893   2   7
 894   2   7
 895   2   7
 896   2   7
 897   2   7
 898   2   7
 899   2   7
 900   3   7
 901   2   7
 902   2   7
 903   2   7
 904   2   7
 905   2   7
 906   2   7
 907   2   7
 908   2   7
 909   3   7
 910   2   7
 911   2   7
 912   3   7
 913   2   7
 914   2   7
 915   2   7
 916   2   7
 917   2   7
 918   2   7
 919   2   7
 920   2   7
 921   3   7
 922   2   7
 923   2   7
 924   2   7
 925   2   7
 926   2   7
 927   2   7
 928   2   7
 929   2   7
 930   2   7
 931   2   7
 932   2   7
 933   2   7
 934   2   7
 935   3   7
 936   2   7
 937   3   7
 938   2   7
 939   2   7
 940   6   7
 941   0   7
 942   0   7
 943   6   7
 944   0   7
 945   0   7
 946   1   7
 947   1   7
 948   1   7
 949   0   7
 950   6   7
 951   6   7
 952   6   7
 953   6   7
 954   6   7
 955   6   7
 956   6   7
 957   6   7
 958   6   7
 959   6   7
 960   6   7
 961   7   7
 962   7   7
 963   7   7
 964   7   7
 965   7   7
 966   7   7
 967   7   7
 968   7   7
 969   7   7
 970   7   7
 971   7   7
 972   7   7
 973   7   7
 974   7   7
 975   7   7
 976   7   7
 977   7   7
 978   7   7
 979   7   7
 980   7   7
 981   7   7
 982   7   7
 983   7   7
 984   7   7
 985   7   7
 986   7   7
 987   7   7
 988   7   7
 989   7   7
 990   7   7
 991   7   7
 992   7   7
 993   7   7
 994   7   7
 995   7   7
 996   7   7
 997   7   7
 998   7   7
 999   7   7
1000   7   7
1001   7   7
1002   7   7
1003   7   7
1004   7   7
1005   7   7
1006   7   7
1007   7   7
1008   7   7
1009   7   7
1010   7   7
1011   7   7
1012   7   7
1013   7   7
1014   7   7
1015   7   7
1016   7   7
1017   7   7
1018   7   7
1019   7   7
1020   7   7
1021   7   7
1022   7   7
1023   7   7
1024   7   7
1025   7   7
1026   7   7
1027   7   7
1028   7   7
1029   7   7
1030   7   7
1031   7   7
1032   7   7
1033   7   7
1034   7   7
1035   7   7
1036   7   7
1037   7   7
1038   7   7
1039   7   7
1040   7   7
1041   7   7
1042   7   7
1043   7   7
1044   7   7
1045   7   7
1046   7   7
1047   7   7
1048   7   7
1049   7   7
1050   7   7
1051   7   7
1052   7   7
1053   7   7
1054   7   7
1055   7   7
