1	0	6
2	0	0
3	0	6
4	0	0
5	0	6
6	0	6
7	0	6
8	0	0
9	0	6
10	6	6
11	0	6
12	0	6
13	0	0
14	0	6
15	0	6
16	0	0
17	6	6
18	0	6
19	0	0
20	0	6
21	0	0
22	0	0
23	0	6
24	0	6
25	0	6
26	0	6
27	0	0
28	0	6
29	0	6
30	0	6
31	0	0
32	0	0
33	0	6
34	0	6
35	0	1
36	0	6
37	0	1
38	0	6
39	6	6
40	6	6
41	0	0
42	0	0
43	0	6
44	1	1
45	2	2
46	2	2
47	2	2
48	2	2
49	2	2
50	2	2
51	3	3
52	2	2
53	2	2
54	3	3
55	3	3
56	2	2
57	2	2
58	3	3
59	4	4
60	3	3
61	2	2
62	4	4
63	4	4
64	3	3
65	4	4
66	4	4
67	4	4
68	4	4
69	4	4
70	4	4
71	4	4
72	4	4
73	4	4
74	4	4
75	4	4
76	4	4
77	4	4
78	4	4
79	4	4
80	4	4
81	4	4
82	4	4
83	4	4
84	4	4
85	4	4
86	4	4
87	4	4
88	4	4
89	4	4
90	4	4
91	4	4
92	4	4
93	4	4
94	4	4
95	4	4
96	4	4
97	4	4
98	4	4
99	4	4
100	4	4
101	4	4
102	4	4
103	4	4
104	4	4
105	4	4
106	4	4
107	4	4
108	4	4
109	4	4
110	4	4
111	4	4
112	4	4
113	4	4
114	4	4
115	4	4
116	4	4
117	4	4
118	4	4
119	4	4
120	4	4
121	4	4
122	4	4
123	4	4
124	4	4
125	4	4
126	4	4
127	4	4
128	4	4
129	4	4
130	4	4
131	4	4
132	4	4
133	4	4
134	4	4
135	4	4
136	4	4
137	4	4
138	4	4
139	4	4
140	4	4
141	4	4
142	4	4
143	4	4
144	4	4
145	4	4
146	4	4
147	4	6
148	2	6
149	6	6
150	2	2
151	2	2
152	2	2
153	2	2
154	2	2
155	3	3
156	6	6
157	2	2
158	0	6
159	2	2
160	2	2
161	3	4
162	3	4
163	2	3
164	2	3
165	3	4
166	3	4
167	0	6
168	2	2
169	3	3
170	3	3
171	3	3
172	2	2
173	2	2
174	2	2
175	3	3
176	7	3
177	0	3
178	0	2
179	1	1
180	5	2
181	2	2
182	2	2
183	2	2
184	0	2
185	2	3
186	2	2
187	2	2
188	2	2
189	2	2
190	2	2
191	2	2
192	2	2
193	2	2
194	5	5
195	2	2
196	2	2
197	2	2
198	2	2
199	2	2
200	6	6
201	1	6
202	2	2
203	2	2
204	2	2
205	2	2
206	2	2
207	2	2
208	2	2
209	2	2
210	2	2
211	2	2
212	2	2
213	2	2
214	2	2
215	2	2
216	2	2
217	3	3
218	3	4
219	4	4
220	4	4
221	4	4
222	4	4
223	4	4
224	4	4
225	4	4
226	4	4
227	4	4
228	6	6
229	2	6
230	2	2
231	2	2
232	2	2
233	3	3
234	4	4
235	4	4
236	4	4
237	4	4
238	4	4
239	4	4
240	4	4
241	4	4
242	4	4
243	3	3
244	4	4
245	4	4
246	4	4
247	4	4
248	3	3
249	3	2
250	2	2
251	2	3
252	3	3
253	4	4
254	4	4
255	4	4
256	4	4
257	4	4
258	4	4
259	4	4
260	4	4
261	4	4
262	4	4
263	4	4
264	4	4
265	4	4
266	4	4
267	4	4
268	4	4
269	4	4
270	4	4
271	4	4
272	4	4
273	4	4
274	4	4
275	4	4
276	4	4
277	4	4
278	4	4
279	4	4
280	4	4
281	4	4
282	4	4
283	4	4
284	4	4
285	4	4
286	4	4
287	4	4
288	4	4
289	4	4
290	4	4
291	4	4
292	4	4
293	4	4
294	4	4
295	4	4
296	4	4
297	4	4
298	4	4
299	4	4
300	4	4
301	4	4
302	4	4
303	4	4
304	4	4
305	4	4
306	4	4
307	4	4
308	4	4
309	4	4
310	4	4
311	4	4
312	4	4
313	4	4
314	4	4
315	4	4
316	4	4
317	4	4
318	4	4
319	4	4
320	4	4
321	4	4
322	4	4
323	4	4
324	4	4
325	4	4
326	4	4
327	4	4
328	4	4
329	6	6
330	4	4
331	3	3
332	2	2
333	2	2
334	3	3
335	3	3
336	3	3
337	2	2
338	3	3
339	3	3
340	3	3
341	3	3
342	3	3
343	3	3
344	5	5
345	5	5
346	5	6
347	5	6
348	5	5
349	5	5
350	5	5
351	5	5
352	5	5
353	5	5
354	5	5
355	5	5
356	0	0
357	5	5
358	5	5
359	5	5
360	5	5
361	5	5
362	5	5
363	5	5
364	5	5
365	2	2
366	2	2
367	5	5
368	5	5
369	5	5
370	0	1
371	1	1
372	2	2
373	2	2
374	2	2
375	2	2
376	2	2
377	2	2
378	2	2
379	2	2
380	2	2
381	2	2
382	2	2
383	2	2
384	2	2
385	3	3
386	1	1
387	2	2
388	2	2
389	6	6
390	1	1
391	1	1
392	1	1
393	1	6
394	1	1
395	1	1
396	1	1
397	1	1
398	1	1
399	2	2
400	2	2
401	2	2
402	2	2
403	2	2
404	1	1
405	1	1
406	1	2
407	1	2
408	1	2
409	6	6
410	0	6
411	0	6
412	0	1
413	1	1
414	6	6
415	6	6
416	1	0
417	0	6
418	0	6
419	0	6
420	0	6
421	0	6
422	1	1
423	0	0
424	1	1
425	1	1
426	1	6
427	1	1
428	0	6
429	0	0
430	0	2
431	0	2
432	1	1
433	0	0
434	0	6
435	1	1
436	2	2
437	2	2
438	2	2
439	2	2
440	2	2
441	2	2
442	2	2
443	6	6
444	2	2
445	2	2
446	2	2
447	2	2
448	2	2
449	2	2
450	3	3
451	2	2
452	3	3
453	2	2
454	2	2
455	2	2
456	2	2
457	3	3
458	2	2
459	2	2
460	2	2
461	3	3
462	3	3
463	2	2
464	3	3
465	2	2
466	2	2
467	3	3
468	2	2
469	3	2
470	2	2
471	2	2
472	2	2
473	3	3
474	2	2
475	2	2
476	3	3
477	2	2
478	3	3
479	3	3
480	3	3
481	2	2
482	2	2
483	3	3
484	3	3
485	2	2
486	3	3
487	2	2
488	3	3
489	3	3
490	2	2
491	2	2
492	2	2
493	2	2
494	2	2
495	3	3
496	2	2
497	2	2
498	2	2
499	2	2
500	2	2
501	5	2
502	0	6
503	0	0
504	2	2
505	0	2
506	2	2
507	2	2
508	5	5
509	5	5
510	5	5
511	6	6
512	0	0
513	0	0
514	1	1
515	5	5
516	5	5
517	5	5
518	5	5
519	5	5
520	5	5
521	5	5
522	5	5
523	5	5
524	5	5
525	5	5
526	5	5
527	5	5
528	5	5
529	5	5
530	5	6
531	5	5
532	5	6
533	5	5
534	5	5
535	5	5
536	5	5
537	5	5
538	5	6
539	5	6
540	5	5
541	5	5
542	5	5
543	5	5
544	5	5
545	5	5
546	5	5
547	5	5
548	5	5
549	6	6
550	0	0
551	0	0
552	0	0
553	0	0
554	0	6
555	0	6
556	0	0
557	0	0
558	0	0
559	0	0
560	1	1
561	1	1
562	1	1
563	1	1
564	2	2
565	1	1
566	2	2
567	2	2
568	2	2
569	2	2
570	2	2
571	2	2
572	2	2
573	2	2
574	2	2
575	2	2
576	2	2
577	2	2
578	2	2
579	2	2
580	2	2
581	1	1
582	1	6
583	1	6
584	2	2
585	2	2
586	2	2
587	2	2
588	1	1
589	6	6
590	0	6
591	0	0
592	0	0
593	0	6
594	1	1
595	1	1
596	1	2
597	1	2
598	2	2
599	2	2
600	2	2
601	2	2
602	2	2
603	2	2
604	2	2
605	2	2
606	2	2
607	2	2
608	2	2
609	2	2
610	2	2
611	2	2
612	2	2
613	2	2
614	2	2
615	2	2
616	2	2
617	2	2
618	2	2
619	2	2
620	2	2
621	2	2
622	2	2
623	2	2
624	2	2
625	2	2
626	2	6
627	2	2
628	2	2
629	2	2
630	3	3
631	2	2
632	2	2
633	2	6
634	0	6
635	0	6
636	0	6
637	0	6
638	0	6
639	1	1
640	0	6
641	0	6
642	0	6
643	0	0
644	1	0
645	1	1
646	1	1
647	0	0
648	1	1
649	0	6
650	1	2
651	2	2
652	5	5
653	5	5
654	5	5
655	5	5
656	5	5
657	5	5
658	5	5
659	5	5
660	5	5
661	5	5
662	5	5
663	5	5
664	5	5
665	5	5
666	5	5
667	5	5
668	5	5
669	5	5
670	5	5
671	5	6
672	0	6
673	0	0
674	0	0
675	0	0
676	1	1
677	1	1
678	1	1
679	1	1
680	1	1
681	0	6
682	1	1
683	5	5
684	5	5
685	5	5
686	5	5
687	5	5
688	5	5
689	5	5
690	5	5
691	5	5
692	5	5
693	5	5
694	5	5
695	5	5
696	5	5
697	5	5
698	5	5
699	5	5
700	5	5
701	5	5
702	5	5
703	5	5
704	5	5
705	5	5
706	5	5
707	0	0
708	1	1
709	5	5
710	5	5
711	5	5
712	5	5
713	5	5
714	5	5
715	5	5
716	5	5
717	5	5
718	5	5
719	5	5
720	5	5
721	5	6
722	5	6
723	5	5
724	5	5
725	5	5
726	5	5
727	5	5
728	5	5
729	5	5
730	5	5
731	5	5
732	5	5
733	5	5
734	5	5
735	5	5
736	5	5
737	5	5
738	5	5
739	5	5
740	5	6
741	5	5
742	5	5
743	5	5
744	5	5
745	5	5
746	5	5
747	5	5
748	5	5
749	6	6
750	0	0
751	1	1
752	1	1
753	1	1
754	1	1
755	1	1
756	1	1
757	0	6
758	0	6
759	0	0
760	0	0
761	0	0
762	0	6
763	0	0
764	0	0
765	0	0
766	0	0
767	1	1
768	1	1
769	0	0
770	1	1
771	1	1
772	1	1
773	1	1
774	1	6
775	1	1
776	1	6
777	1	2
778	1	2
779	1	1
780	1	2
781	1	1
782	0	0
783	1	1
784	1	1
785	1	1
786	1	2
787	1	1
788	1	1
789	1	1
790	6	6
791	0	6
792	0	6
793	1	1
794	0	0
795	1	1
796	0	0
797	0	0
798	1	1
799	1	1
800	1	1
801	1	1
802	1	1
803	2	2
804	2	2
805	7	7
